#RT_in.txt
#Tue, Mar 21, 2023, 6:30 PM
#WL (nm), Int (cts)
674.996352,19.266667
675.091533,19.266667
675.186688,19.391667
675.281816,19.516667
675.376916,19.600000
675.471990,19.516667
675.567037,19.766667
675.662057,20.016667
675.757051,20.016667
675.852017,19.641667
675.946956,20.183333
676.041869,20.266667
676.136754,20.475000
676.231613,19.975000
676.326444,19.975000
676.421249,19.600000
676.516027,19.308333
676.610778,19.183333
676.705502,19.641667
676.800199,19.183333
676.894869,19.641667
676.989513,19.391667
677.084129,19.766667
677.178718,18.475000
677.273281,18.100000
677.367816,17.891667
677.462325,18.058333
677.556807,18.266667
677.651261,17.975000
677.745689,18.600000
677.840090,18.350000
677.934464,18.558333
678.028811,18.100000
678.123131,18.266667
678.217424,18.225000
678.311690,18.183333
678.405930,17.225000
678.500142,17.475000
678.594327,17.100000
678.688486,17.808333
678.782617,17.558333
678.876722,17.766667
678.970799,17.516667
679.064850,16.850000
679.158873,17.141667
679.252870,16.766667
679.346840,17.516667
679.440783,16.350000
679.534698,17.058333
679.628587,16.683333
679.722449,17.058333
679.816284,17.058333
679.910092,16.683333
680.003873,17.058333
680.097627,16.683333
680.191354,17.183333
680.285054,17.683333
680.378727,17.766667
680.472373,17.391667
680.565993,17.308333
680.659585,17.183333
680.753150,17.308333
680.846688,16.766667
680.940199,16.600000
681.033684,16.850000
681.127141,17.058333
681.220571,17.058333
681.313975,16.641667
681.407351,16.433333
681.500700,15.766667
681.594023,15.808333
681.687318,15.933333
681.780587,16.266667
681.873828,16.641667
681.967042,18.183333
682.060230,18.058333
682.153390,17.266667
682.246524,16.058333
682.339630,15.850000
682.432710,16.183333
682.525762,15.683333
682.618788,15.933333
682.711786,15.975000
682.804757,15.558333
682.897702,15.933333
682.990619,16.141667
683.083510,16.475000
683.176373,15.600000
683.269210,15.141667
683.362019,15.016667
683.454801,15.725000
683.547557,15.391667
683.640285,15.933333
683.732986,15.350000
683.825661,15.433333
683.918308,14.975000
684.010928,15.433333
684.103522,16.100000
684.196088,15.975000
684.288627,16.266667
684.381139,15.683333
684.473624,16.058333
684.566082,16.016667
684.658514,16.183333
684.750918,15.683333
684.843295,15.433333
684.935645,15.141667
685.027968,14.850000
685.120264,14.433333
685.212533,14.766667
685.304774,14.933333
685.396989,15.141667
685.489177,14.725000
685.581338,14.391667
685.673471,14.475000
685.765578,14.475000
685.857658,14.808333
685.949710,13.850000
686.041736,13.475000
686.133734,12.975000
686.225706,13.641667
686.317650,14.058333
686.409567,13.641667
686.501458,13.891667
686.593321,13.600000
686.685157,14.183333
686.776966,14.058333
686.868748,14.516667
686.960503,14.475000
687.052231,14.100000
687.143932,14.100000
687.235606,14.266667
687.327252,14.850000
687.418872,14.975000
687.510465,14.975000
687.602030,14.266667
687.693569,13.933333
687.785080,13.641667
687.876564,14.183333
687.968021,14.266667
688.059452,14.558333
688.150855,13.933333
688.242231,13.808333
688.333580,13.933333
688.424901,14.850000
688.516196,14.308333
688.607464,14.683333
688.698704,14.308333
688.789918,14.391667
688.881104,13.933333
688.972264,13.516667
689.063396,14.100000
689.154501,13.975000
689.245579,14.058333
689.336630,13.641667
689.427654,13.433333
689.518651,13.308333
689.609620,14.016667
689.700563,14.141667
689.791478,14.475000
689.882367,14.225000
689.973228,14.683333
690.064062,15.183333
690.154869,15.266667
690.245649,15.600000
690.336402,15.516667
690.427128,15.683333
690.517826,15.225000
690.608498,15.433333
690.699142,15.141667
690.789759,15.516667
690.880350,15.808333
690.970913,16.058333
691.061449,16.641667
691.151957,16.141667
691.242439,17.016667
691.332894,16.516667
691.423321,17.058333
691.513721,17.058333
691.604095,17.475000
691.694441,17.558333
691.784760,17.016667
691.875051,17.516667
691.965316,18.225000
692.055554,19.975000
692.145764,20.850000
692.235947,21.516667
692.326104,21.891667
692.416233,22.183333
692.506334,23.433333
692.596409,25.058333
692.686457,27.225000
692.776477,28.391667
692.866471,30.308333
692.956437,33.558333
693.046376,38.058333
693.136288,44.100000
693.226172,52.391667
693.316030,64.850000
693.405860,83.225000
693.495664,107.391667
693.585440,134.641667
693.675189,163.016667
693.764911,184.183333
693.854605,194.266667
693.944273,188.308333
694.033913,171.433333
694.123526,149.141667
694.213112,126.433333
694.302671,109.933333
694.392203,100.766667
694.481707,98.975000
694.571185,103.433333
694.660635,115.141667
694.750058,135.016667
694.839454,162.308333
694.928822,198.308333
695.018164,238.183333
695.107478,273.391667
695.196765,296.183333
695.286025,299.641667
695.375258,282.058333
695.464464,248.808333
695.553642,207.683333
695.642793,170.350000
695.731918,136.850000
695.821014,111.850000
695.910084,93.350000
695.999127,79.558333
696.088142,68.725000
696.177130,59.725000
696.266091,53.433333
696.355025,48.058333
696.443931,43.225000
696.532811,40.475000
696.621663,38.308333
696.710488,36.141667
696.799286,33.600000
696.888056,31.100000
696.976799,29.725000
697.065516,28.141667
697.154205,27.516667
697.242866,26.016667
697.331501,24.850000
697.420108,23.933333
697.508688,23.683333
697.597241,22.975000
697.685767,21.850000
697.774265,21.808333
697.862737,20.683333
697.951181,20.350000
698.039598,19.058333
698.127987,19.350000
698.216350,18.933333
698.304685,19.266667
698.392993,18.808333
698.481274,18.725000
698.569527,18.141667
698.657753,18.558333
698.745953,17.683333
698.834124,17.766667
698.922269,16.933333
699.010386,17.100000
699.098477,16.391667
699.186539,16.433333
699.274575,16.266667
699.362584,16.475000
699.450565,16.058333
699.538519,16.516667
699.626445,16.100000
699.714345,15.683333
699.802217,14.808333
699.890062,14.683333
699.977880,15.058333
700.065671,14.516667
700.153434,14.475000
700.241170,14.016667
700.328879,14.016667
700.416560,13.725000
700.504214,14.350000
700.591841,15.308333
700.679441,15.350000
700.767014,15.141667
700.854559,15.350000
700.942077,15.475000
701.029568,15.100000
701.117031,14.225000
701.204467,13.933333
701.291876,13.850000
701.379258,13.850000
701.466612,13.850000
701.553939,14.141667
701.641239,14.266667
701.728512,14.100000
701.815757,13.725000
701.902975,13.391667
701.990166,13.308333
702.077330,12.558333
702.164466,13.016667
702.251575,13.516667
702.338657,14.266667
702.425711,14.600000
702.512738,15.266667
702.599738,15.475000
702.686710,15.933333
702.773656,16.225000
702.860574,17.183333
702.947464,17.433333
703.034328,17.058333
703.121164,16.433333
703.207973,15.516667
703.294754,14.933333
703.381509,13.850000
703.468235,13.183333
703.554935,12.725000
703.641607,12.266667
703.728253,12.266667
703.814870,12.600000
703.901461,12.975000
703.988024,12.933333
704.074560,12.641667
704.161068,12.766667
704.247549,13.100000
704.334003,12.975000
704.420430,12.641667
704.506829,12.058333
704.593201,12.433333
704.679546,13.350000
704.765863,13.683333
704.852153,13.308333
704.938416,13.100000
705.024652,13.350000
705.110860,13.891667
705.197040,14.516667
705.283194,14.558333
705.369320,14.683333
705.455419,14.641667
705.541490,14.516667
705.627534,15.100000
705.713551,14.641667
705.799541,14.975000
705.885503,14.558333
705.971438,15.558333
706.057345,16.308333
706.143225,16.600000
706.229078,15.975000
706.314904,15.891667
706.400702,15.891667
706.486473,16.141667
706.572216,15.850000
706.657932,16.641667
706.743621,17.225000
706.829282,17.808333
706.914917,17.350000
707.000523,17.016667
707.086103,16.808333
707.171655,16.391667
707.257179,16.350000
707.342677,15.766667
707.428147,16.266667
707.513589,15.933333
707.599005,15.975000
707.684393,14.933333
707.769753,15.183333
707.855086,15.475000
707.940392,16.225000
708.025671,15.808333
708.110922,15.350000
708.196146,14.641667
708.281342,15.016667
708.366511,15.266667
708.451653,15.600000
708.536767,15.641667
708.621854,15.558333
708.706913,15.975000
708.791946,15.850000
708.876950,16.683333
708.961928,16.933333
709.046878,17.266667
709.131800,16.891667
709.216696,16.808333
709.301564,16.391667
709.386404,15.933333
709.471217,15.516667
709.556003,15.350000
709.640761,15.058333
709.725492,14.558333
709.810196,13.850000
709.894872,13.308333
709.979521,12.975000
710.064142,12.766667
710.148736,12.683333
710.233303,12.433333
710.317842,12.475000
710.402354,12.850000
710.486838,13.058333
710.571295,13.266667
710.655725,12.766667
710.740127,12.766667
710.824502,13.183333
710.908849,13.433333
710.993169,13.308333
711.077462,12.225000
711.161727,11.850000
711.245965,11.225000
711.330175,11.266667
711.414358,10.975000
711.498514,11.600000
711.582642,12.058333
711.666743,12.141667
711.750816,12.100000
711.834862,12.683333
711.918880,13.558333
712.002871,13.516667
712.086835,13.266667
712.170771,13.266667
712.254680,14.016667
712.338561,13.391667
712.422415,13.100000
712.506241,12.683333
712.590040,13.350000
712.673812,13.725000
712.757556,13.975000
712.841273,13.600000
712.924962,13.308333
713.008624,13.100000
713.092258,12.766667
713.175865,13.058333
713.259445,12.933333
713.342997,13.391667
713.426522,13.433333
713.510019,13.183333
713.593489,13.683333
713.676931,13.683333
713.760346,15.016667
713.843733,14.808333
713.927093,14.808333
714.010426,14.433333
714.093731,14.808333
714.177008,14.725000
714.260258,14.516667
714.343481,14.558333
714.426676,14.975000
714.509844,15.266667
714.592984,15.475000
714.676097,15.391667
714.759183,14.558333
714.842240,13.850000
714.925271,13.516667
715.008274,13.350000
715.091249,13.141667
715.174197,13.641667
715.257118,13.766667
715.340011,13.600000
715.422877,13.391667
715.505715,13.975000
715.588525,14.766667
715.671309,14.516667
715.754064,14.766667
715.836793,14.975000
715.919493,15.141667
716.002167,15.308333
716.084812,14.308333
716.167431,14.975000
716.250021,14.891667
716.332585,15.183333
716.415121,14.308333
716.497629,14.225000
716.580110,14.683333
716.662563,14.600000
716.744989,13.766667
716.827387,13.558333
716.909758,13.350000
716.992102,12.683333
717.074417,12.058333
717.156706,11.766667
717.238967,12.766667
717.321200,13.058333
717.403406,13.225000
717.485584,12.225000
717.567735,11.725000
717.649858,11.683333
717.731954,11.600000
717.814023,11.600000
717.896063,11.433333
717.978077,11.891667
718.060062,11.933333
718.142021,12.141667
718.223951,12.391667
718.305855,12.391667
718.387730,12.183333
718.469579,11.766667
718.551399,11.891667
718.633192,11.891667
718.714958,11.850000
718.796696,11.558333
718.878407,11.891667
718.960090,11.683333
719.041745,11.516667
719.123373,10.850000
719.204974,10.891667
719.286546,10.933333
719.368092,10.558333
719.449610,10.225000
719.531100,10.475000
719.612563,10.266667
719.693998,9.683333
719.775406,9.350000
719.856786,9.350000
719.938138,10.266667
720.019463,10.141667
720.100761,10.016667
720.182031,10.808333
720.263273,11.016667
720.344488,11.350000
720.425675,10.600000
720.506835,10.100000
720.587967,9.891667
720.669072,9.933333
720.750149,9.808333
720.831199,10.058333
720.912220,9.475000
720.993215,9.641667
721.074182,9.641667
721.155121,9.308333
721.236033,9.850000
721.316917,9.891667
721.397773,10.475000
721.478602,10.100000
721.559404,9.891667
721.640178,9.266667
721.720924,9.058333
721.801643,8.933333
721.882334,8.433333
721.962998,8.891667
722.043634,9.058333
722.124242,9.975000
722.204823,9.058333
722.285376,8.683333
722.365902,7.683333
722.446400,8.475000
722.526870,8.475000
722.607313,8.225000
722.687729,7.516667
722.768116,7.891667
722.848477,8.266667
722.928809,8.183333
723.009114,8.350000
723.089391,8.433333
723.169641,8.725000
723.249863,8.100000
723.330058,8.308333
723.410225,8.058333
723.490364,8.183333
723.570476,8.641667
723.650560,8.100000
723.730617,8.141667
723.810646,7.933333
723.890647,8.225000
723.970621,7.475000
724.050567,6.725000
724.130486,6.808333
724.210377,7.266667
724.290240,7.266667
724.370076,6.891667
724.449884,6.266667
724.529665,6.350000
724.609417,6.391667
724.689143,6.683333
724.768840,6.641667
724.848510,6.891667
724.928153,6.891667
725.007767,7.016667
725.087355,6.641667
725.166914,7.225000
725.246446,7.433333
725.325950,7.350000
725.405427,6.808333
725.484876,6.766667
725.564297,6.891667
725.643691,6.641667
725.723057,6.308333
725.802396,6.600000
725.881706,6.891667
725.960990,6.183333
726.040245,6.600000
726.119473,6.433333
726.198673,7.058333
726.277846,6.600000
726.356991,6.641667
726.436108,7.100000
726.515198,7.266667
726.594260,7.350000
726.673294,6.850000
726.752301,6.891667
726.831280,6.725000
726.910231,7.433333
726.989155,6.891667
727.068051,6.975000
727.146920,6.391667
727.225761,6.558333
727.304574,6.683333
727.383359,6.558333
727.462117,6.641667
727.540847,6.141667
727.619550,6.475000
727.698224,6.141667
727.776871,6.725000
727.855491,6.975000
727.934083,7.225000
728.012647,7.225000
728.091183,6.391667
728.169692,6.141667
728.248173,5.850000
728.326627,5.891667
728.405052,5.641667
728.483450,5.933333
728.561821,5.766667
728.640163,6.558333
728.718479,5.766667
728.796766,6.391667
728.875025,5.975000
728.953257,6.266667
729.031462,5.766667
729.109638,5.683333
729.187787,6.183333
729.265908,6.183333
729.344002,6.308333
729.422068,6.016667
729.500106,6.350000
729.578116,6.308333
729.656099,6.350000
729.734054,6.141667
729.811981,5.975000
729.889881,5.808333
729.967753,5.516667
730.045597,5.225000
730.123414,5.183333
730.201202,5.391667
730.278963,6.225000
730.356697,5.975000
730.434402,6.683333
730.512080,5.808333
730.589731,5.725000
730.667353,4.808333
730.744948,5.183333
730.822515,5.600000
730.900054,5.975000
730.977566,5.766667
731.055050,5.058333
731.132506,4.891667
731.209935,5.016667
731.287335,4.891667
731.364708,4.683333
731.442054,4.516667
731.519371,5.183333
731.596661,5.683333
731.673923,5.141667
731.751158,5.391667
731.828364,4.558333
731.905543,4.558333
731.982694,3.391667
732.059818,3.600000
732.136913,4.391667
732.213981,4.933333
732.291022,5.100000
732.368034,5.100000
732.445019,5.433333
732.521976,5.266667
732.598905,4.975000
732.675806,4.016667
732.752680,4.016667
732.829526,3.891667
732.906344,5.058333
732.983135,5.475000
733.059898,5.725000
733.136633,5.391667
733.213340,5.183333
733.290019,5.641667
733.366671,5.766667
733.443295,5.850000
733.519891,5.225000
733.596459,4.850000
733.673000,4.225000
733.749513,4.183333
733.825998,4.433333
733.902455,4.808333
733.978885,4.975000
734.055287,4.266667
734.131661,4.391667
734.208007,3.891667
734.284326,4.100000
734.360616,3.891667
734.436879,4.225000
734.513114,4.183333
734.589322,4.225000
734.665501,4.391667
734.741653,4.808333
734.817777,4.641667
734.893873,4.350000
734.969942,4.225000
735.045982,4.308333
735.121995,4.308333
735.197980,4.683333
735.273938,4.850000
735.349867,5.100000
735.425769,4.725000
735.501643,4.725000
735.577489,4.933333
735.653307,4.766667
735.729098,4.516667
735.804860,4.016667
735.880595,4.683333
735.956302,4.558333
736.031982,4.641667
736.107633,4.183333
736.183257,4.016667
736.258853,3.850000
736.334421,3.891667
736.409961,3.766667
736.485474,3.891667
736.560958,3.850000
736.636415,4.391667
736.711844,4.558333
736.787245,4.600000
736.862619,4.391667
736.937964,4.141667
737.013282,3.350000
737.088572,3.433333
737.163834,3.641667
737.239068,4.433333
737.314275,4.391667
737.389453,4.266667
737.464604,3.891667
737.539727,4.016667
737.614822,3.683333
737.689890,3.641667
737.764929,3.058333
737.839941,3.641667
737.914925,4.016667
737.989881,5.016667
738.064809,4.891667
738.139709,4.516667
738.214581,3.975000
738.289426,3.891667
738.364243,3.975000
738.439032,4.058333
738.513793,3.850000
738.588526,3.225000
738.663231,3.141667
738.737909,2.350000
738.812559,2.975000
738.887180,2.558333
738.961774,3.308333
739.036340,3.475000
739.110879,3.766667
739.185389,3.808333
739.259872,4.141667
739.334326,4.391667
739.408753,4.433333
739.483152,3.891667
739.557523,3.600000
739.631866,3.933333
739.706182,3.683333
739.780469,3.475000
739.854729,2.600000
739.928961,2.933333
740.003165,3.308333
740.077341,3.558333
740.151489,3.766667
740.225609,3.683333
740.299701,3.891667
740.373766,3.350000
740.447802,3.266667
740.521811,2.933333
740.595792,3.391667
740.669745,3.391667
740.743670,3.933333
740.817567,3.516667
740.891437,3.933333
740.965278,3.933333
741.039092,4.350000
741.112877,4.183333
741.186635,3.350000
741.260365,3.058333
741.334067,2.558333
741.407741,2.808333
741.481387,2.725000
741.555006,2.683333
741.628596,3.475000
741.702159,3.725000
741.775693,4.058333
741.849200,2.933333
741.922679,2.975000
741.996130,2.475000
742.069552,3.141667
742.142948,2.683333
742.216315,2.808333
742.289654,2.391667
742.362965,2.391667
742.436249,2.933333
742.509504,3.725000
742.582732,4.225000
742.655932,3.808333
742.729103,3.141667
742.802247,2.516667
742.875363,2.808333
742.948451,2.641667
743.021511,2.558333
743.094543,2.433333
743.167548,2.516667
743.240524,2.975000
743.313472,2.850000
743.386393,3.225000
743.459285,2.558333
743.532150,2.683333
743.604986,2.350000
743.677795,2.683333
743.750576,2.433333
743.823329,2.225000
743.896054,2.433333
743.968751,2.600000
744.041420,3.225000
744.114061,3.266667
744.186674,3.058333
744.259259,2.100000
744.331816,1.808333
744.404346,1.891667
744.476847,2.141667
744.549320,1.933333
744.621766,1.975000
744.694183,2.308333
744.766573,2.600000
744.838934,2.641667
744.911268,2.850000
744.983574,2.641667
745.055851,2.891667
745.128101,3.058333
745.200323,3.975000
745.272517,3.600000
745.344683,3.350000
745.416820,2.266667
745.488930,2.808333
745.561012,2.766667
745.633066,3.308333
745.705092,2.641667
745.777090,2.600000
745.849061,2.516667
745.921003,3.266667
745.992917,3.600000
746.064803,3.516667
746.136661,3.683333
746.208491,3.058333
746.280294,2.683333
746.352068,1.641667
746.423814,2.058333
746.495532,1.933333
746.567223,2.100000
746.638885,1.933333
746.710519,2.308333
746.782126,2.808333
746.853704,3.016667
746.925254,3.183333
746.996777,2.933333
747.068271,2.725000
747.139737,2.558333
747.211176,1.891667
747.282586,1.891667
747.353968,2.433333
747.425323,3.808333
747.496649,3.808333
747.567947,3.016667
747.639218,1.808333
747.710460,2.058333
747.781675,2.475000
747.852861,2.975000
747.924019,2.350000
747.995149,2.100000
748.066252,2.058333
748.137326,2.141667
748.208372,2.808333
748.279391,2.891667
748.350381,2.516667
748.421343,2.350000
748.492277,2.433333
748.563183,3.141667
748.634062,2.516667
748.704912,1.850000
748.775734,1.558333
748.846528,1.850000
748.917294,2.016667
748.988032,2.141667
749.058742,2.558333
749.129424,2.516667
749.200078,2.016667
749.270704,1.725000
749.341302,2.183333
749.411872,2.808333
749.482413,2.683333
749.552927,2.350000
749.623413,2.100000
749.693871,1.891667
749.764300,2.266667
749.834702,2.933333
749.905075,3.266667
