#RT_out.txt
#Tue, Mar 21, 2023, 6:22 PM
#WL (nm), Int (cts)
674.996352,12.377083
675.091533,12.877083
675.186688,13.043750
675.281816,13.085417
675.376916,12.752083
675.471990,13.043750
675.567037,13.293750
675.662057,13.793750
675.757051,13.710417
675.852017,13.710417
675.946956,13.210417
676.041869,13.335417
676.136754,13.252083
676.231613,13.668750
676.326444,13.793750
676.421249,14.002083
676.516027,13.877083
676.610778,13.460417
676.705502,13.543750
676.800199,13.835417
676.894869,13.377083
676.989513,13.043750
677.084129,12.293750
677.178718,13.210417
677.273281,13.335417
677.367816,14.002083
677.462325,13.668750
677.556807,13.043750
677.651261,12.252083
677.745689,12.127083
677.840090,12.210417
677.934464,12.085417
678.028811,12.043750
678.123131,12.043750
678.217424,12.627083
678.311690,12.752083
678.405930,13.002083
678.500142,12.835417
678.594327,12.252083
678.688486,11.752083
678.782617,11.543750
678.876722,11.752083
678.970799,11.460417
679.064850,11.710417
679.158873,11.835417
679.252870,12.460417
679.346840,11.710417
679.440783,11.752083
679.534698,11.668750
679.628587,12.252083
679.722449,12.002083
679.816284,12.377083
679.910092,12.793750
680.003873,13.127083
680.097627,12.418750
680.191354,11.835417
680.285054,11.668750
680.378727,12.002083
680.472373,12.335417
680.565993,12.835417
680.659585,13.043750
680.753150,12.585417
680.846688,11.960417
680.940199,12.002083
681.033684,12.377083
681.127141,12.377083
681.220571,11.543750
681.313975,11.752083
681.407351,11.960417
681.500700,12.502083
681.594023,11.793750
681.687318,11.585417
681.780587,11.210417
681.873828,11.043750
681.967042,12.377083
682.060230,12.668750
682.153390,12.585417
682.246524,11.210417
682.339630,10.918750
682.432710,11.002083
682.525762,11.252083
682.618788,11.502083
682.711786,11.252083
682.804757,11.168750
682.897702,11.002083
682.990619,11.460417
683.083510,10.877083
683.176373,11.002083
683.269210,10.960417
683.362019,10.918750
683.454801,11.002083
683.547557,10.793750
683.640285,11.085417
683.732986,10.377083
683.825661,11.085417
683.918308,10.585417
684.010928,10.960417
684.103522,10.043750
684.196088,10.543750
684.288627,10.293750
684.381139,10.918750
684.473624,10.960417
684.566082,11.502083
684.658514,11.127083
684.750918,10.543750
684.843295,10.418750
684.935645,10.335417
685.027968,10.543750
685.120264,10.460417
685.212533,10.835417
685.304774,10.627083
685.396989,10.210417
685.489177,10.043750
685.581338,10.168750
685.673471,10.085417
685.765578,10.085417
685.857658,10.127083
685.949710,10.168750
686.041736,10.127083
686.133734,9.918750
686.225706,10.502083
686.317650,10.043750
686.409567,10.043750
686.501458,9.460417
686.593321,9.877083
686.685157,9.793750
686.776966,9.377083
686.868748,9.752083
686.960503,10.002083
687.052231,10.918750
687.143932,10.502083
687.235606,10.585417
687.327252,10.293750
687.418872,10.043750
687.510465,10.460417
687.602030,10.335417
687.693569,10.710417
687.785080,10.252083
687.876564,11.502083
687.968021,11.043750
688.059452,11.127083
688.150855,10.252083
688.242231,10.418750
688.333580,10.710417
688.424901,10.377083
688.516196,10.877083
688.607464,11.252083
688.698704,11.585417
688.789918,11.210417
688.881104,10.627083
688.972264,10.543750
689.063396,10.710417
689.154501,11.002083
689.245579,10.002083
689.336630,9.710417
689.427654,8.960417
689.518651,9.585417
689.609620,9.335417
689.700563,9.293750
689.791478,9.793750
689.882367,10.668750
689.973228,11.377083
690.064062,11.543750
690.154869,11.418750
690.245649,11.710417
690.336402,11.543750
690.427128,11.252083
690.517826,11.293750
690.608498,10.918750
690.699142,11.710417
690.789759,12.085417
690.880350,12.960417
690.970913,13.168750
691.061449,12.918750
691.151957,13.085417
691.242439,12.960417
691.332894,13.960417
691.423321,14.335417
691.513721,15.627083
691.604095,15.835417
691.694441,16.627083
691.784760,16.793750
691.875051,18.460417
691.965316,20.377083
692.055554,24.002083
692.145764,28.877083
692.235947,35.335417
692.326104,43.627083
692.416233,54.835417
692.506334,68.127083
692.596409,81.002083
692.686457,90.918750
692.776477,94.960417
692.866471,92.627083
692.956437,85.460417
693.046376,75.377083
693.136288,66.085417
693.226172,57.585417
693.316030,52.710417
693.405860,51.668750
693.495664,53.627083
693.585440,59.752083
693.675189,68.168750
693.764911,80.335417
693.854605,97.710417
693.944273,116.543750
694.033913,134.252083
694.123526,145.752083
694.213112,148.710417
694.302671,142.793750
694.392203,128.335417
694.481707,111.168750
694.571185,93.002083
694.660635,76.502083
694.750058,62.668750
694.839454,52.085417
694.928822,43.710417
695.018164,37.752083
695.107478,33.127083
695.196765,31.293750
695.286025,28.585417
695.375258,26.627083
695.464464,23.918750
695.553642,21.918750
695.642793,19.793750
695.731918,18.877083
695.821014,18.168750
695.910084,17.918750
695.999127,16.960417
696.088142,16.960417
696.177130,16.793750
696.266091,15.502083
696.355025,14.668750
696.443931,13.960417
696.532811,14.377083
696.621663,13.835417
696.710488,13.710417
696.799286,13.668750
696.888056,13.918750
696.976799,13.752083
697.065516,14.085417
697.154205,13.585417
697.242866,13.252083
697.331501,12.377083
697.420108,12.710417
697.508688,13.418750
697.597241,13.418750
697.685767,13.293750
697.774265,12.793750
697.862737,12.335417
697.951181,12.252083
698.039598,11.918750
698.127987,11.377083
698.216350,11.085417
698.304685,10.752083
698.392993,11.252083
698.481274,11.460417
698.569527,11.377083
698.657753,11.918750
698.745953,11.002083
698.834124,11.252083
698.922269,10.543750
699.010386,10.793750
699.098477,10.877083
699.186539,10.960417
699.274575,11.002083
699.362584,10.252083
699.450565,10.127083
699.538519,9.960417
699.626445,10.585417
699.714345,10.668750
699.802217,10.960417
699.890062,10.668750
699.977880,10.918750
700.065671,10.293750
700.153434,10.377083
700.241170,9.668750
700.328879,9.585417
700.416560,9.293750
700.504214,9.585417
700.591841,9.543750
700.679441,8.960417
700.767014,8.960417
700.854559,8.502083
700.942077,9.168750
701.029568,9.043750
701.117031,9.668750
701.204467,10.085417
701.291876,10.502083
701.379258,11.293750
701.466612,10.627083
701.553939,10.085417
701.641239,9.710417
701.728512,10.835417
701.815757,11.168750
701.902975,11.002083
701.990166,10.127083
702.077330,10.002083
702.164466,9.293750
702.251575,8.793750
702.338657,8.377083
702.425711,8.210417
702.512738,8.377083
702.599738,8.335417
702.686710,8.627083
702.773656,8.127083
702.860574,8.252083
702.947464,7.710417
703.034328,8.293750
703.121164,8.543750
703.207973,9.002083
703.294754,8.835417
703.381509,8.252083
703.468235,8.752083
703.554935,8.585417
703.641607,8.960417
703.728253,8.793750
703.814870,8.793750
703.901461,8.627083
703.988024,8.085417
704.074560,9.085417
704.161068,9.168750
704.247549,10.002083
704.334003,9.877083
704.420430,10.668750
704.506829,11.127083
704.593201,10.835417
704.679546,10.585417
704.765863,10.460417
704.852153,11.002083
704.938416,11.168750
705.024652,11.252083
705.110860,10.918750
705.197040,11.127083
705.283194,10.543750
705.369320,11.252083
705.455419,10.835417
705.541490,11.127083
705.627534,9.960417
705.713551,9.585417
705.799541,9.252083
705.885503,9.168750
705.971438,9.960417
706.057345,9.918750
706.143225,10.418750
706.229078,10.252083
706.314904,10.918750
706.400702,11.585417
706.486473,11.585417
706.572216,11.335417
706.657932,11.127083
706.743621,11.835417
706.829282,11.585417
706.914917,11.585417
707.000523,10.668750
707.086103,11.168750
707.171655,10.168750
707.257179,10.793750
707.342677,10.460417
707.428147,11.418750
707.513589,11.168750
707.599005,10.918750
707.684393,11.127083
707.769753,10.377083
707.855086,10.877083
707.940392,9.877083
708.025671,10.293750
708.110922,9.460417
708.196146,10.002083
708.281342,9.877083
708.366511,10.710417
708.451653,10.835417
708.536767,10.960417
708.621854,10.710417
708.706913,10.085417
708.791946,10.335417
708.876950,10.377083
708.961928,10.210417
709.046878,9.710417
709.131800,10.043750
709.216696,10.418750
709.301564,10.460417
709.386404,9.418750
709.471217,8.710417
709.556003,8.793750
709.640761,8.335417
709.725492,8.710417
709.810196,7.502083
709.894872,8.127083
709.979521,7.793750
710.064142,8.543750
710.148736,7.918750
710.233303,7.418750
710.317842,7.502083
710.402354,7.418750
710.486838,8.377083
710.571295,8.002083
710.655725,8.627083
710.740127,8.168750
710.824502,8.418750
710.908849,8.002083
710.993169,8.168750
711.077462,8.085417
711.161727,8.668750
711.245965,8.627083
711.330175,8.210417
711.414358,7.460417
711.498514,7.210417
711.582642,7.877083
711.666743,8.877083
711.750816,9.752083
711.834862,9.793750
711.918880,9.752083
712.002871,9.543750
712.086835,9.418750
712.170771,9.585417
712.254680,9.460417
712.338561,9.668750
712.422415,9.918750
712.506241,10.002083
712.590040,10.710417
712.673812,10.877083
712.757556,11.543750
712.841273,10.918750
712.924962,9.960417
713.008624,9.168750
713.092258,9.460417
713.175865,9.210417
713.259445,9.252083
713.342997,9.085417
713.426522,10.252083
713.510019,10.210417
713.593489,10.418750
713.676931,9.710417
713.760346,9.918750
713.843733,9.752083
713.927093,9.627083
714.010426,9.585417
714.093731,9.043750
714.177008,9.252083
714.260258,9.043750
714.343481,9.293750
714.426676,9.002083
714.509844,9.210417
714.592984,9.085417
714.676097,8.960417
714.759183,8.960417
714.842240,8.210417
714.925271,8.668750
715.008274,8.043750
715.091249,9.127083
715.174197,8.627083
715.257118,8.460417
715.340011,8.293750
715.422877,8.293750
715.505715,8.960417
715.588525,8.752083
715.671309,9.043750
715.754064,9.252083
715.836793,9.085417
715.919493,8.668750
716.002167,8.127083
716.084812,8.002083
716.167431,7.835417
716.250021,7.918750
716.332585,8.002083
716.415121,8.502083
716.497629,8.210417
716.580110,7.918750
716.662563,7.460417
716.744989,7.252083
716.827387,7.668750
716.909758,8.043750
716.992102,8.002083
717.074417,7.668750
717.156706,7.585417
717.238967,7.418750
717.321200,7.543750
717.403406,7.210417
717.485584,7.960417
717.567735,7.585417
717.649858,7.377083
717.731954,6.835417
717.814023,6.502083
717.896063,7.168750
717.978077,7.127083
718.060062,7.793750
718.142021,6.793750
718.223951,6.960417
718.305855,6.127083
718.387730,6.752083
718.469579,6.668750
718.551399,6.918750
718.633192,6.793750
718.714958,6.793750
718.796696,7.127083
718.878407,7.460417
718.960090,7.668750
719.041745,7.210417
719.123373,6.668750
719.204974,5.960417
719.286546,6.252083
719.368092,6.335417
719.449610,6.460417
719.531100,6.793750
719.612563,6.502083
719.693998,6.710417
719.775406,6.002083
719.856786,5.960417
719.938138,5.793750
720.019463,6.460417
720.100761,6.377083
720.182031,6.127083
720.263273,5.710417
720.344488,5.752083
720.425675,5.835417
720.506835,5.752083
720.587967,6.085417
720.669072,6.210417
720.750149,6.377083
720.831199,6.127083
720.912220,6.210417
720.993215,5.835417
721.074182,5.710417
721.155121,5.335417
721.236033,4.668750
721.316917,4.668750
721.397773,4.752083
721.478602,6.043750
721.559404,6.168750
721.640178,6.043750
721.720924,5.502083
721.801643,5.335417
721.882334,5.210417
721.962998,4.918750
722.043634,4.293750
722.124242,4.335417
722.204823,4.418750
722.285376,4.752083
722.365902,5.085417
722.446400,4.793750
722.526870,5.168750
722.607313,4.710417
722.687729,5.210417
722.768116,4.918750
722.848477,5.002083
722.928809,5.127083
723.009114,4.877083
723.089391,5.210417
723.169641,4.627083
723.249863,5.085417
723.330058,4.502083
723.410225,4.752083
723.490364,4.377083
723.570476,4.502083
723.650560,4.293750
723.730617,4.043750
723.810646,4.002083
723.890647,3.835417
723.970621,4.752083
724.050567,4.960417
724.130486,5.085417
724.210377,4.252083
724.290240,4.293750
724.370076,3.793750
724.449884,4.210417
724.529665,4.168750
724.609417,4.585417
724.689143,4.543750
724.768840,4.418750
724.848510,5.127083
724.928153,5.210417
725.007767,5.252083
725.087355,4.585417
725.166914,4.335417
725.246446,4.377083
725.325950,4.168750
725.405427,4.460417
725.484876,4.252083
725.564297,4.585417
725.643691,4.127083
725.723057,4.543750
725.802396,4.543750
725.881706,4.543750
725.960990,4.502083
726.040245,4.460417
726.119473,5.085417
726.198673,4.877083
726.277846,4.918750
726.356991,4.668750
726.436108,4.918750
726.515198,4.960417
726.594260,5.168750
726.673294,5.085417
726.752301,5.335417
726.831280,4.252083
726.910231,3.918750
726.989155,3.627083
727.068051,4.043750
727.146920,4.210417
727.225761,4.585417
727.304574,4.710417
727.383359,4.252083
727.462117,3.460417
727.540847,3.168750
727.619550,3.460417
727.698224,3.460417
727.776871,3.585417
727.855491,3.502083
727.934083,3.002083
728.012647,2.710417
728.091183,2.502083
728.169692,3.710417
728.248173,3.877083
728.326627,4.460417
728.405052,4.252083
728.483450,3.835417
728.561821,3.543750
728.640163,3.252083
728.718479,4.210417
728.796766,4.085417
728.875025,4.293750
728.953257,4.210417
729.031462,4.460417
729.109638,3.960417
729.187787,3.752083
729.265908,3.793750
729.344002,3.543750
729.422068,3.627083
729.500106,3.335417
729.578116,3.668750
729.656099,2.835417
729.734054,2.960417
729.811981,3.168750
729.889881,3.835417
729.967753,3.543750
730.045597,3.710417
730.123414,3.377083
730.201202,3.752083
730.278963,3.168750
730.356697,3.418750
730.434402,3.418750
730.512080,3.543750
730.589731,3.918750
730.667353,3.502083
730.744948,3.585417
730.822515,2.960417
730.900054,3.127083
730.977566,3.377083
731.055050,3.668750
731.132506,3.210417
731.209935,2.918750
731.287335,2.418750
731.364708,3.293750
731.442054,3.210417
731.519371,4.293750
731.596661,4.043750
731.673923,4.002083
731.751158,3.460417
731.828364,3.418750
731.905543,3.543750
731.982694,3.418750
732.059818,3.043750
732.136913,3.127083
732.213981,2.377083
732.291022,2.210417
732.368034,1.752083
732.445019,2.627083
732.521976,3.043750
732.598905,3.043750
732.675806,3.127083
732.752680,2.377083
732.829526,2.835417
732.906344,2.752083
732.983135,3.335417
733.059898,3.085417
733.136633,2.793750
733.213340,2.418750
733.290019,2.252083
733.366671,2.293750
733.443295,2.918750
733.519891,2.960417
733.596459,3.043750
733.673000,2.793750
733.749513,2.418750
733.825998,2.335417
733.902455,2.085417
733.978885,2.460417
734.055287,2.293750
734.131661,2.585417
734.208007,2.877083
734.284326,2.877083
734.360616,3.168750
734.436879,2.627083
734.513114,2.127083
734.589322,1.835417
734.665501,2.252083
734.741653,2.918750
734.817777,2.877083
734.893873,2.627083
734.969942,2.585417
735.045982,2.502083
735.121995,2.877083
735.197980,3.085417
735.273938,2.585417
735.349867,2.252083
735.425769,1.793750
735.501643,1.752083
735.577489,1.585417
735.653307,1.502083
735.729098,1.918750
735.804860,1.752083
735.880595,2.293750
735.956302,2.043750
736.031982,2.585417
736.107633,2.043750
736.183257,2.710417
736.258853,2.793750
736.334421,3.585417
736.409961,3.002083
736.485474,2.585417
736.560958,2.168750
736.636415,2.252083
736.711844,2.793750
736.787245,2.460417
736.862619,2.710417
736.937964,2.460417
737.013282,2.418750
737.088572,2.252083
737.163834,2.002083
737.239068,2.460417
737.314275,2.627083
737.389453,2.668750
737.464604,2.293750
737.539727,2.127083
737.614822,1.960417
737.689890,2.168750
737.764929,1.877083
737.839941,2.543750
737.914925,2.460417
737.989881,2.460417
738.064809,2.043750
738.139709,2.002083
738.214581,2.293750
738.289426,2.168750
738.364243,2.043750
738.439032,1.710417
738.513793,2.418750
738.588526,1.877083
738.663231,2.377083
738.737909,1.502083
738.812559,2.335417
738.887180,2.293750
738.961774,2.877083
739.036340,2.960417
739.110879,2.627083
739.185389,2.293750
739.259872,2.002083
739.334326,2.293750
739.408753,2.252083
739.483152,2.377083
739.557523,2.168750
739.631866,2.543750
739.706182,2.710417
739.780469,2.460417
739.854729,2.293750
739.928961,2.210417
740.003165,2.335417
740.077341,1.793750
740.151489,1.710417
740.225609,1.835417
740.299701,2.127083
740.373766,2.252083
740.447802,2.502083
740.521811,2.710417
740.595792,2.418750
740.669745,2.168750
740.743670,1.793750
740.817567,1.293750
740.891437,1.168750
740.965278,1.377083
741.039092,2.002083
741.112877,1.960417
741.186635,1.918750
741.260365,1.127083
741.334067,1.418750
741.407741,1.460417
741.481387,2.543750
741.555006,2.252083
741.628596,2.377083
741.702159,1.668750
741.775693,2.002083
741.849200,1.793750
741.922679,2.085417
741.996130,2.710417
742.069552,3.127083
742.142948,3.210417
742.216315,2.043750
742.289654,1.960417
742.362965,1.668750
742.436249,2.377083
742.509504,2.127083
742.582732,2.002083
742.655932,1.918750
742.729103,0.960417
742.802247,1.502083
742.875363,0.960417
742.948451,1.668750
743.021511,1.127083
743.094543,1.460417
743.167548,1.252083
743.240524,1.793750
743.313472,2.127083
743.386393,2.502083
743.459285,2.252083
743.532150,1.918750
743.604986,2.377083
743.677795,2.127083
743.750576,2.085417
743.823329,1.960417
743.896054,1.752083
743.968751,1.960417
744.041420,1.627083
744.114061,2.418750
744.186674,2.335417
744.259259,2.502083
744.331816,2.127083
744.404346,2.002083
744.476847,1.210417
744.549320,1.543750
744.621766,1.543750
744.694183,2.168750
744.766573,1.960417
744.838934,1.668750
744.911268,2.210417
744.983574,2.002083
745.055851,2.502083
745.128101,1.668750
745.200323,1.335417
745.272517,0.793750
745.344683,1.168750
745.416820,1.668750
745.488930,2.418750
745.561012,1.960417
745.633066,1.835417
745.705092,1.210417
745.777090,1.585417
745.849061,2.085417
745.921003,1.918750
745.992917,1.668750
746.064803,1.460417
746.136661,1.752083
746.208491,2.293750
746.280294,2.168750
746.352068,2.585417
746.423814,2.127083
746.495532,2.085417
746.567223,1.877083
746.638885,2.168750
746.710519,1.710417
746.782126,1.543750
746.853704,1.543750
746.925254,1.752083
746.996777,2.127083
747.068271,1.627083
747.139737,1.543750
747.211176,0.710417
747.282586,0.960417
747.353968,0.960417
747.425323,1.418750
747.496649,1.127083
747.567947,1.418750
747.639218,1.043750
747.710460,1.418750
747.781675,1.252083
747.852861,1.543750
747.924019,1.585417
747.995149,1.793750
748.066252,2.210417
748.137326,1.710417
748.208372,1.252083
748.279391,0.835417
748.350381,1.377083
748.421343,1.210417
748.492277,1.252083
748.563183,1.127083
748.634062,1.377083
748.704912,1.127083
748.775734,1.085417
748.846528,1.252083
748.917294,0.877083
748.988032,0.668750
749.058742,0.710417
749.129424,0.960417
749.200078,0.752083
749.270704,0.502083
749.341302,1.085417
749.411872,1.335417
749.482413,1.877083
749.552927,1.543750
749.623413,2.127083
749.693871,1.585417
749.764300,1.460417
749.834702,1.377083
749.905075,1.585417
