#23Mar_BT_out.txt
#Thu, Mar 23, 2023, 11:27 AM
#WL (nm), Int (cts)
674.996352,3.084375
675.091533,3.417708
675.186688,4.126042
675.281816,4.126042
675.376916,3.876042
675.471990,3.751042
675.567037,3.876042
675.662057,4.667708
675.757051,4.959375
675.852017,4.251042
675.946956,3.209375
676.041869,3.251042
676.136754,3.626042
676.231613,3.542708
676.326444,3.459375
676.421249,3.417708
676.516027,3.501042
676.610778,4.167708
676.705502,4.417708
676.800199,4.376042
676.894869,3.292708
676.989513,3.417708
677.084129,3.584375
677.178718,3.542708
677.273281,3.376042
677.367816,3.542708
677.462325,4.376042
677.556807,4.334375
677.651261,4.167708
677.745689,3.417708
677.840090,3.459375
677.934464,3.959375
678.028811,4.501042
678.123131,4.542708
678.217424,4.459375
678.311690,4.376042
678.405930,4.042708
678.500142,4.292708
678.594327,4.459375
678.688486,4.542708
678.782617,4.376042
678.876722,4.709375
678.970799,4.917708
679.064850,4.751042
679.158873,4.376042
679.252870,4.001042
679.346840,4.334375
679.440783,4.167708
679.534698,4.792708
679.628587,4.876042
679.722449,4.501042
679.816284,4.126042
679.910092,3.792708
680.003873,4.126042
680.097627,4.709375
680.191354,4.667708
680.285054,4.917708
680.378727,4.667708
680.472373,4.709375
680.565993,4.584375
680.659585,4.376042
680.753150,4.709375
680.846688,4.626042
680.940199,5.042708
681.033684,5.084375
681.127141,4.834375
681.220571,4.501042
681.313975,4.251042
681.407351,4.626042
681.500700,4.251042
681.594023,3.959375
681.687318,4.209375
681.780587,4.542708
681.873828,4.626042
681.967042,5.584375
682.060230,5.542708
682.153390,5.501042
682.246524,4.042708
682.339630,3.626042
682.432710,3.167708
682.525762,3.001042
682.618788,3.959375
682.711786,4.417708
682.804757,5.209375
682.897702,4.834375
682.990619,5.167708
683.083510,4.584375
683.176373,4.084375
683.269210,3.959375
683.362019,3.667708
683.454801,3.792708
683.547557,3.084375
683.640285,3.292708
683.732986,3.626042
683.825661,4.292708
683.918308,4.417708
684.010928,4.751042
684.103522,4.376042
684.196088,4.126042
684.288627,3.751042
684.381139,4.376042
684.473624,4.376042
684.566082,4.501042
684.658514,3.709375
684.750918,4.292708
684.843295,4.334375
684.935645,5.376042
685.027968,4.626042
685.120264,4.501042
685.212533,4.376042
685.304774,5.167708
685.396989,4.834375
685.489177,4.626042
685.581338,4.667708
685.673471,5.126042
685.765578,4.959375
685.857658,4.626042
685.949710,4.542708
686.041736,4.584375
686.133734,4.376042
686.225706,4.626042
686.317650,4.459375
686.409567,4.376042
686.501458,4.709375
686.593321,5.042708
686.685157,6.084375
686.776966,6.334375
686.868748,7.042708
686.960503,7.042708
687.052231,7.042708
687.143932,7.376042
687.235606,7.626042
687.327252,8.334375
687.418872,8.376042
687.510465,9.042708
687.602030,8.792708
687.693569,9.251042
687.785080,8.917708
687.876564,8.917708
687.968021,7.959375
688.059452,7.042708
688.150855,6.959375
688.242231,7.084375
688.333580,7.417708
688.424901,6.334375
688.516196,5.501042
688.607464,5.167708
688.698704,5.292708
688.789918,5.584375
688.881104,5.167708
688.972264,4.751042
689.063396,4.459375
689.154501,4.584375
689.245579,5.042708
689.336630,4.626042
689.427654,4.334375
689.518651,3.876042
689.609620,4.209375
689.700563,4.084375
689.791478,4.376042
689.882367,4.042708
689.973228,4.751042
690.064062,4.334375
690.154869,4.626042
690.245649,4.167708
690.336402,4.834375
690.427128,5.042708
690.517826,4.751042
690.608498,4.584375
690.699142,4.751042
690.789759,5.334375
690.880350,4.876042
690.970913,4.751042
691.061449,4.126042
691.151957,4.334375
691.242439,4.626042
691.332894,5.126042
691.423321,6.167708
691.513721,7.876042
691.604095,12.626042
691.694441,19.334375
691.784760,28.001042
691.875051,34.501042
691.965316,34.834375
692.055554,28.667708
692.145764,19.501042
692.235947,12.709375
692.326104,8.917708
692.416233,7.001042
692.506334,6.126042
692.596409,5.917708
692.686457,7.084375
692.776477,10.459375
692.866471,18.751042
692.956437,37.667708
693.046376,71.584375
693.136288,115.376042
693.226172,153.126042
693.316030,164.042708
693.405860,147.667708
693.495664,111.876042
693.585440,76.876042
693.675189,47.667708
693.764911,30.917708
693.854605,21.209375
693.944273,16.084375
694.033913,12.042708
694.123526,9.209375
694.213112,7.542708
694.302671,6.542708
694.392203,6.001042
694.481707,5.376042
694.571185,5.209375
694.660635,5.459375
694.750058,5.709375
694.839454,4.876042
694.928822,4.126042
695.018164,4.042708
695.107478,4.292708
695.196765,3.917708
695.286025,3.709375
695.375258,4.042708
695.464464,4.251042
695.553642,3.792708
695.642793,3.417708
695.731918,3.167708
695.821014,3.167708
695.910084,2.959375
695.999127,3.292708
696.088142,3.959375
696.177130,3.959375
696.266091,3.584375
696.355025,2.834375
696.443931,3.376042
696.532811,2.876042
696.621663,3.292708
696.710488,3.001042
696.799286,3.626042
696.888056,3.542708
696.976799,3.459375
697.065516,3.542708
697.154205,3.167708
697.242866,2.917708
697.331501,2.459375
697.420108,3.001042
697.508688,3.459375
697.597241,4.251042
697.685767,4.209375
697.774265,3.959375
697.862737,3.584375
697.951181,3.292708
698.039598,3.209375
698.127987,2.834375
698.216350,2.917708
698.304685,3.126042
698.392993,3.709375
698.481274,4.876042
698.569527,5.917708
698.657753,7.084375
698.745953,7.501042
698.834124,7.501042
698.922269,6.584375
699.010386,5.709375
699.098477,5.167708
699.186539,5.167708
699.274575,4.626042
699.362584,4.501042
699.450565,4.251042
699.538519,4.334375
699.626445,3.876042
699.714345,4.001042
699.802217,4.417708
699.890062,4.959375
699.977880,5.251042
700.065671,5.417708
700.153434,6.292708
700.241170,6.792708
700.328879,7.709375
700.416560,9.751042
700.504214,13.792708
700.591841,19.751042
700.679441,25.876042
700.767014,30.084375
700.854559,30.126042
700.942077,25.709375
701.029568,19.876042
701.117031,14.042708
701.204467,10.042708
701.291876,6.667708
701.379258,5.084375
701.466612,3.251042
701.553939,3.209375
701.641239,3.376042
701.728512,3.834375
701.815757,3.334375
701.902975,2.751042
701.990166,3.001042
702.077330,3.251042
702.164466,3.501042
702.251575,3.376042
702.338657,3.959375
702.425711,3.751042
702.512738,4.084375
702.599738,4.251042
702.686710,4.584375
702.773656,4.417708
702.860574,4.292708
702.947464,4.167708
703.034328,4.667708
703.121164,4.459375
703.207973,5.251042
703.294754,5.459375
703.381509,6.167708
703.468235,6.834375
703.554935,8.626042
703.641607,9.709375
703.728253,10.376042
703.814870,11.417708
703.901461,12.209375
703.988024,12.417708
704.074560,11.251042
704.161068,9.917708
704.247549,8.709375
704.334003,7.542708
704.420430,7.376042
704.506829,7.751042
704.593201,7.126042
704.679546,7.042708
704.765863,6.542708
704.852153,6.667708
704.938416,5.959375
705.024652,6.001042
705.110860,6.167708
705.197040,7.459375
705.283194,7.834375
705.369320,8.876042
705.455419,9.167708
705.541490,10.459375
705.627534,11.584375
705.713551,11.751042
705.799541,11.834375
705.885503,10.917708
705.971438,11.334375
706.057345,12.292708
706.143225,13.751042
706.229078,14.959375
706.314904,15.126042
706.400702,16.084375
706.486473,17.167708
706.572216,18.334375
706.657932,18.959375
706.743621,19.584375
706.829282,19.542708
706.914917,19.834375
707.000523,20.001042
707.086103,20.501042
707.171655,20.584375
707.257179,19.667708
707.342677,19.126042
707.428147,17.376042
707.513589,16.292708
707.599005,14.876042
707.684393,14.126042
707.769753,13.584375
707.855086,12.792708
707.940392,11.542708
708.025671,10.584375
708.110922,9.751042
708.196146,10.334375
708.281342,10.209375
708.366511,11.542708
708.451653,12.917708
708.536767,15.501042
708.621854,17.959375
708.706913,21.376042
708.791946,24.167708
708.876950,26.917708
708.961928,27.126042
709.046878,26.917708
709.131800,25.792708
709.216696,24.959375
709.301564,23.334375
709.386404,20.376042
709.471217,17.084375
709.556003,14.209375
709.640761,11.751042
709.725492,10.001042
709.810196,8.126042
709.894872,7.542708
709.979521,6.834375
710.064142,6.251042
710.148736,5.626042
710.233303,5.292708
710.317842,5.542708
710.402354,6.084375
710.486838,6.334375
710.571295,6.126042
710.655725,5.334375
710.740127,5.792708
710.824502,5.917708
710.908849,6.334375
710.993169,6.501042
711.077462,7.459375
711.161727,8.209375
711.245965,8.667708
711.330175,9.042708
711.414358,9.251042
711.498514,9.084375
711.582642,10.876042
711.666743,13.001042
711.750816,15.667708
711.834862,17.376042
711.918880,19.126042
712.002871,20.459375
712.086835,20.751042
712.170771,21.167708
712.254680,21.584375
712.338561,21.834375
712.422415,21.626042
712.506241,20.626042
712.590040,19.834375
712.673812,18.209375
712.757556,16.667708
712.841273,14.167708
712.924962,12.626042
713.008624,11.001042
713.092258,9.751042
713.175865,8.292708
713.259445,7.709375
713.342997,7.417708
713.426522,6.251042
713.510019,5.501042
713.593489,5.084375
713.676931,5.459375
713.760346,5.626042
713.843733,5.501042
713.927093,5.709375
714.010426,5.834375
714.093731,5.834375
714.177008,5.001042
714.260258,4.209375
714.343481,4.334375
714.426676,4.792708
714.509844,4.876042
714.592984,4.917708
714.676097,4.542708
714.759183,4.042708
714.842240,3.126042
714.925271,2.751042
715.008274,3.417708
715.091249,3.376042
715.174197,4.292708
715.257118,3.042708
715.340011,3.209375
715.422877,2.667708
715.505715,3.709375
715.588525,3.084375
715.671309,3.001042
715.754064,2.834375
715.836793,3.667708
715.919493,3.917708
716.002167,3.626042
716.084812,3.209375
716.167431,2.417708
716.250021,2.542708
716.332585,2.501042
716.415121,2.751042
716.497629,2.376042
716.580110,1.667708
716.662563,2.001042
716.744989,2.459375
716.827387,3.084375
716.909758,2.501042
716.992102,2.792708
717.074417,2.792708
717.156706,3.001042
717.238967,2.376042
717.321200,2.542708
717.403406,2.376042
717.485584,2.417708
717.567735,2.084375
717.649858,2.709375
717.731954,2.876042
717.814023,2.959375
717.896063,3.042708
717.978077,2.834375
718.060062,2.792708
718.142021,2.167708
718.223951,1.917708
718.305855,1.417708
718.387730,1.292708
718.469579,1.334375
718.551399,1.834375
718.633192,2.001042
718.714958,2.209375
718.796696,1.959375
718.878407,2.042708
718.960090,2.667708
719.041745,2.792708
719.123373,2.626042
719.204974,2.209375
719.286546,2.459375
719.368092,2.626042
719.449610,2.709375
719.531100,2.709375
719.612563,2.834375
719.693998,1.792708
719.775406,2.084375
719.856786,1.834375
719.938138,2.626042
720.019463,2.209375
720.100761,2.917708
720.182031,3.042708
720.263273,2.917708
720.344488,2.459375
720.425675,1.834375
720.506835,1.917708
720.587967,1.751042
720.669072,1.834375
720.750149,2.417708
720.831199,2.417708
720.912220,3.292708
720.993215,2.917708
721.074182,3.251042
721.155121,2.459375
721.236033,2.209375
721.316917,1.542708
721.397773,1.959375
721.478602,1.917708
721.559404,2.126042
721.640178,1.751042
721.720924,1.917708
721.801643,2.292708
721.882334,2.542708
721.962998,2.834375
722.043634,2.126042
722.124242,1.876042
722.204823,1.417708
722.285376,1.667708
722.365902,2.042708
722.446400,2.126042
722.526870,1.959375
722.607313,1.542708
722.687729,1.292708
722.768116,1.126042
722.848477,1.209375
722.928809,1.792708
723.009114,2.251042
723.089391,2.626042
723.169641,1.959375
723.249863,1.917708
723.330058,1.417708
723.410225,1.959375
723.490364,2.126042
723.570476,2.334375
723.650560,1.834375
723.730617,1.209375
723.810646,0.959375
723.890647,1.251042
723.970621,1.751042
724.050567,1.501042
724.130486,1.001042
724.210377,1.042708
724.290240,1.376042
724.370076,1.751042
724.449884,1.376042
724.529665,1.459375
724.609417,1.376042
724.689143,1.334375
724.768840,1.126042
724.848510,1.209375
724.928153,1.417708
725.007767,1.792708
725.087355,1.751042
725.166914,2.209375
725.246446,2.167708
725.325950,1.876042
725.405427,1.334375
725.484876,1.626042
725.564297,1.584375
725.643691,1.584375
725.723057,1.334375
725.802396,1.251042
725.881706,1.209375
725.960990,1.251042
726.040245,2.084375
726.119473,2.376042
726.198673,2.167708
726.277846,1.959375
726.356991,1.959375
726.436108,2.376042
726.515198,2.209375
726.594260,2.501042
726.673294,2.376042
726.752301,2.584375
726.831280,2.334375
726.910231,2.084375
726.989155,2.251042
727.068051,1.834375
727.146920,1.834375
727.225761,1.459375
727.304574,2.459375
727.383359,2.042708
727.462117,1.876042
727.540847,0.584375
727.619550,0.792708
727.698224,0.917708
727.776871,1.501042
727.855491,1.501042
727.934083,1.459375
728.012647,1.667708
728.091183,1.709375
728.169692,1.917708
728.248173,1.376042
728.326627,1.376042
728.405052,0.834375
728.483450,1.292708
728.561821,1.459375
728.640163,2.001042
728.718479,1.959375
728.796766,1.376042
728.875025,1.001042
728.953257,1.001042
729.031462,1.792708
729.109638,1.834375
729.187787,1.709375
729.265908,1.126042
729.344002,1.001042
729.422068,1.042708
729.500106,1.126042
729.578116,1.376042
729.656099,1.084375
729.734054,0.834375
729.811981,0.917708
729.889881,1.209375
729.967753,1.584375
730.045597,1.126042
730.123414,0.876042
730.201202,0.834375
730.278963,1.876042
730.356697,1.667708
730.434402,1.584375
730.512080,0.417708
730.589731,1.167708
730.667353,1.209375
730.744948,1.751042
730.822515,1.501042
730.900054,1.376042
730.977566,1.251042
731.055050,1.542708
731.132506,2.459375
731.209935,2.167708
731.287335,1.292708
731.364708,0.709375
731.442054,1.209375
731.519371,1.751042
731.596661,2.042708
731.673923,1.959375
731.751158,2.126042
731.828364,2.001042
731.905543,2.084375
731.982694,1.917708
732.059818,1.042708
732.136913,1.001042
732.213981,0.876042
732.291022,1.709375
732.368034,1.667708
732.445019,1.084375
732.521976,0.876042
732.598905,1.126042
732.675806,1.667708
732.752680,1.376042
732.829526,1.209375
732.906344,1.126042
732.983135,0.876042
733.059898,1.001042
733.136633,0.834375
733.213340,1.334375
733.290019,0.584375
733.366671,0.501042
733.443295,0.376042
733.519891,1.084375
733.596459,1.459375
733.673000,1.251042
733.749513,1.001042
733.825998,0.834375
733.902455,1.376042
733.978885,1.167708
734.055287,0.751042
734.131661,0.459375
734.208007,0.792708
734.284326,1.251042
734.360616,1.209375
734.436879,0.917708
734.513114,0.876042
734.589322,0.959375
734.665501,0.792708
734.741653,1.042708
734.817777,0.834375
734.893873,1.376042
734.969942,1.459375
735.045982,1.792708
735.121995,1.376042
735.197980,1.209375
735.273938,0.834375
735.349867,1.167708
735.425769,0.876042
735.501643,0.876042
735.577489,0.584375
735.653307,0.834375
735.729098,1.126042
735.804860,0.834375
735.880595,0.959375
735.956302,0.501042
736.031982,0.459375
736.107633,0.042708
736.183257,-0.248958
736.258853,0.209375
736.334421,0.334375
736.409961,0.876042
736.485474,0.626042
736.560958,0.709375
736.636415,0.834375
736.711844,1.126042
736.787245,1.084375
736.862619,0.876042
736.937964,0.501042
737.013282,0.792708
737.088572,0.751042
737.163834,0.584375
737.239068,0.876042
737.314275,1.126042
737.389453,1.459375
737.464604,0.626042
737.539727,0.459375
737.614822,0.209375
737.689890,0.834375
737.764929,0.876042
737.839941,1.042708
737.914925,0.917708
737.989881,0.917708
738.064809,1.042708
738.139709,0.876042
738.214581,0.959375
738.289426,1.001042
738.364243,0.917708
738.439032,1.084375
738.513793,0.792708
738.588526,0.751042
738.663231,0.792708
738.737909,0.834375
738.812559,0.459375
738.887180,0.042708
738.961774,0.251042
739.036340,0.834375
739.110879,0.126042
739.185389,0.417708
739.259872,0.292708
739.334326,1.792708
739.408753,2.167708
739.483152,2.459375
739.557523,1.667708
739.631866,0.792708
739.706182,0.709375
739.780469,0.542708
739.854729,0.792708
739.928961,0.542708
740.003165,1.001042
740.077341,0.959375
740.151489,0.876042
740.225609,0.209375
740.299701,0.834375
740.373766,1.334375
740.447802,2.084375
740.521811,1.792708
740.595792,1.126042
740.669745,1.042708
740.743670,1.001042
740.817567,1.417708
740.891437,1.251042
740.965278,0.501042
741.039092,0.292708
741.112877,0.292708
741.186635,1.376042
741.260365,1.584375
741.334067,1.334375
741.407741,0.834375
741.481387,0.834375
741.555006,1.626042
741.628596,2.084375
741.702159,2.084375
741.775693,1.959375
741.849200,1.251042
741.922679,1.001042
741.996130,0.542708
742.069552,0.959375
742.142948,1.126042
742.216315,1.667708
742.289654,1.667708
742.362965,1.542708
742.436249,1.584375
742.509504,1.792708
742.582732,1.876042
742.655932,1.417708
742.729103,1.042708
742.802247,1.667708
742.875363,2.084375
742.948451,2.084375
743.021511,1.001042
743.094543,0.626042
743.167548,1.084375
743.240524,1.542708
743.313472,1.667708
743.386393,0.459375
743.459285,0.667708
743.532150,0.542708
743.604986,1.334375
743.677795,1.167708
743.750576,1.417708
743.823329,1.417708
743.896054,1.084375
743.968751,0.876042
744.041420,0.876042
744.114061,1.334375
744.186674,1.126042
744.259259,0.667708
744.331816,0.709375
744.404346,0.292708
744.476847,0.501042
744.549320,-0.123958
744.621766,0.417708
744.694183,0.292708
744.766573,0.667708
744.838934,0.751042
744.911268,1.126042
744.983574,0.959375
745.055851,0.917708
745.128101,0.584375
745.200323,0.542708
745.272517,0.501042
745.344683,0.876042
745.416820,1.292708
745.488930,1.251042
745.561012,1.042708
745.633066,1.042708
745.705092,1.126042
745.777090,1.292708
745.849061,1.126042
745.921003,1.167708
745.992917,0.876042
746.064803,0.542708
746.136661,0.459375
746.208491,0.542708
746.280294,1.126042
746.352068,0.834375
746.423814,0.876042
746.495532,0.417708
746.567223,0.959375
746.638885,0.959375
746.710519,0.959375
746.782126,0.584375
746.853704,0.334375
746.925254,0.376042
746.996777,0.209375
747.068271,0.459375
747.139737,0.126042
747.211176,0.084375
747.282586,-0.248958
747.353968,0.042708
747.425323,0.167708
747.496649,0.417708
747.567947,0.417708
747.639218,0.667708
747.710460,0.667708
747.781675,0.876042
747.852861,0.876042
747.924019,1.084375
747.995149,1.042708
748.066252,1.001042
748.137326,1.376042
748.208372,1.959375
748.279391,2.126042
748.350381,1.334375
748.421343,0.959375
748.492277,0.542708
748.563183,0.959375
748.634062,1.001042
748.704912,1.209375
748.775734,0.501042
748.846528,0.376042
748.917294,0.667708
748.988032,1.042708
749.058742,0.709375
749.129424,-0.248958
749.200078,0.084375
749.270704,0.042708
749.341302,0.751042
749.411872,0.167708
749.482413,0.251042
749.552927,0.334375
749.623413,0.376042
749.693871,0.126042
749.764300,0.126042
749.834702,0.667708
749.905075,0.667708
