#BT_out.txt
#Wed, Mar 22, 2023, 2:42 PM
#WL (nm), Int (cts)
674.996352,2.094792
675.091533,2.511458
675.186688,2.344792
675.281816,2.303125
675.376916,1.803125
675.471990,1.969792
675.567037,2.303125
675.662057,3.136458
675.757051,2.719792
675.852017,2.344792
675.946956,1.761458
676.041869,2.178125
676.136754,2.178125
676.231613,1.803125
676.326444,1.886458
676.421249,2.178125
676.516027,2.511458
676.610778,2.886458
676.705502,2.761458
676.800199,3.094792
676.894869,2.636458
676.989513,3.053125
677.084129,2.636458
677.178718,2.928125
677.273281,2.219792
677.367816,2.719792
677.462325,1.969792
677.556807,2.136458
677.651261,1.344792
677.745689,2.053125
677.840090,2.386458
677.934464,3.011458
678.028811,2.636458
678.123131,2.386458
678.217424,2.553125
678.311690,3.053125
678.405930,2.553125
678.500142,1.928125
678.594327,1.261458
678.688486,2.053125
678.782617,1.928125
678.876722,1.761458
678.970799,1.678125
679.064850,2.219792
679.158873,2.803125
679.252870,2.053125
679.346840,1.844792
679.440783,1.511458
679.534698,2.094792
679.628587,2.261458
679.722449,2.469792
679.816284,2.844792
679.910092,3.344792
680.003873,2.844792
680.097627,3.011458
680.191354,2.678125
680.285054,3.344792
680.378727,2.511458
680.472373,2.553125
680.565993,2.053125
680.659585,2.344792
680.753150,1.969792
680.846688,2.344792
680.940199,3.136458
681.033684,3.261458
681.127141,3.219792
681.220571,2.053125
681.313975,2.011458
681.407351,1.636458
681.500700,1.344792
681.594023,1.511458
681.687318,1.511458
681.780587,2.469792
681.873828,2.511458
681.967042,4.344792
682.060230,4.011458
682.153390,3.803125
682.246524,2.094792
682.339630,2.011458
682.432710,1.428125
682.525762,1.594792
682.618788,1.511458
682.711786,1.636458
682.804757,1.594792
682.897702,1.719792
682.990619,2.511458
683.083510,2.594792
683.176373,2.303125
683.269210,2.053125
683.362019,2.344792
683.454801,2.261458
683.547557,2.219792
683.640285,2.386458
683.732986,2.844792
683.825661,2.803125
683.918308,2.053125
684.010928,1.719792
684.103522,1.053125
684.196088,1.136458
684.288627,1.594792
684.381139,2.136458
684.473624,2.094792
684.566082,1.678125
684.658514,1.719792
684.750918,1.344792
684.843295,1.678125
684.935645,1.011458
685.027968,1.886458
685.120264,1.803125
685.212533,2.636458
685.304774,1.886458
685.396989,2.136458
685.489177,2.094792
685.581338,2.303125
685.673471,1.886458
685.765578,1.678125
685.857658,1.636458
685.949710,1.969792
686.041736,2.261458
686.133734,2.219792
686.225706,2.386458
686.317650,2.178125
686.409567,2.428125
686.501458,2.094792
686.593321,1.428125
686.685157,1.386458
686.776966,1.844792
686.868748,2.469792
686.960503,2.261458
687.052231,2.094792
687.143932,2.136458
687.235606,2.803125
687.327252,2.803125
687.418872,2.844792
687.510465,2.803125
687.602030,2.594792
687.693569,3.094792
687.785080,2.844792
687.876564,2.719792
687.968021,2.219792
688.059452,2.011458
688.150855,2.261458
688.242231,1.803125
688.333580,2.303125
688.424901,2.136458
688.516196,3.136458
688.607464,3.386458
688.698704,3.511458
688.789918,3.011458
688.881104,2.886458
688.972264,3.303125
689.063396,3.344792
689.154501,3.136458
689.245579,2.428125
689.336630,2.969792
689.427654,3.094792
689.518651,3.928125
689.609620,3.094792
689.700563,3.553125
689.791478,3.428125
689.882367,4.094792
689.973228,3.594792
690.064062,4.178125
690.154869,4.928125
690.245649,5.178125
690.336402,4.928125
690.427128,4.761458
690.517826,5.844792
690.608498,6.136458
690.699142,6.886458
690.789759,7.053125
690.880350,7.469792
690.970913,7.178125
691.061449,7.219792
691.151957,8.553125
691.242439,9.594792
691.332894,10.761458
691.423321,11.886458
691.513721,17.719792
691.604095,29.719792
691.694441,47.594792
691.784760,65.844792
691.875051,76.636458
691.965316,74.469792
692.055554,61.261458
692.145764,43.719792
692.235947,30.761458
692.326104,22.928125
692.416233,19.844792
692.506334,18.428125
692.596409,20.053125
692.686457,25.303125
692.776477,41.969792
692.866471,90.636458
692.956437,216.094792
693.046376,430.719792
693.136288,678.261458
693.226172,861.761458
693.316030,903.344792
693.405860,791.469792
693.495664,581.719792
693.585440,364.469792
693.675189,208.344792
693.764911,122.261458
693.854605,76.053125
693.944273,50.553125
694.033913,33.886458
694.123526,25.303125
694.213112,20.011458
694.302671,18.136458
694.392203,16.011458
694.481707,14.969792
694.571185,13.219792
694.660635,12.553125
694.750058,12.011458
694.839454,11.011458
694.928822,10.678125
695.018164,9.428125
695.107478,9.511458
695.196765,8.761458
695.286025,9.053125
695.375258,8.386458
695.464464,8.261458
695.553642,7.969792
695.642793,7.344792
695.731918,7.178125
695.821014,6.261458
695.910084,6.761458
695.999127,5.636458
696.088142,5.844792
696.177130,5.219792
696.266091,5.386458
696.355025,5.011458
696.443931,4.511458
696.532811,4.053125
696.621663,3.969792
696.710488,4.303125
696.799286,4.678125
696.888056,5.011458
696.976799,4.886458
697.065516,5.136458
697.154205,4.803125
697.242866,4.594792
697.331501,4.386458
697.420108,5.178125
697.508688,6.719792
697.597241,7.719792
697.685767,8.053125
697.774265,7.761458
697.862737,7.553125
697.951181,6.636458
698.039598,5.928125
698.127987,4.803125
698.216350,4.886458
698.304685,5.303125
698.392993,6.719792
698.481274,8.928125
698.569527,11.761458
698.657753,15.136458
698.745953,17.303125
698.834124,17.678125
698.922269,16.594792
699.010386,15.261458
699.098477,14.011458
699.186539,12.636458
699.274575,11.178125
699.362584,10.094792
699.450565,10.136458
699.538519,9.719792
699.626445,10.553125
699.714345,11.928125
699.802217,16.261458
699.890062,21.261458
699.977880,25.928125
700.065671,28.469792
700.153434,29.261458
700.241170,30.678125
700.328879,38.178125
700.416560,57.428125
700.504214,89.719792
700.591841,128.803125
700.679441,163.053125
700.767014,177.303125
700.854559,168.594792
700.942077,138.886458
701.029568,102.386458
701.117031,67.386458
701.204467,41.928125
701.291876,26.261458
701.379258,17.803125
701.466612,12.844792
701.553939,9.636458
701.641239,8.219792
701.728512,7.011458
701.815757,6.678125
701.902975,6.011458
701.990166,6.553125
702.077330,6.303125
702.164466,6.219792
702.251575,6.011458
702.338657,6.386458
702.425711,6.469792
702.512738,6.803125
702.599738,6.886458
702.686710,7.053125
702.773656,7.511458
702.860574,7.761458
702.947464,8.469792
703.034328,9.178125
703.121164,10.053125
703.207973,11.136458
703.294754,12.844792
703.381509,15.886458
703.468235,21.428125
703.554935,27.928125
703.641607,35.678125
703.728253,42.761458
703.814870,49.803125
703.901461,53.886458
703.988024,53.678125
704.074560,49.969792
704.161068,43.803125
704.247549,36.511458
704.334003,27.844792
704.420430,21.261458
704.506829,17.678125
704.593201,15.344792
704.679546,13.719792
704.765863,12.053125
704.852153,11.469792
704.938416,11.219792
705.024652,11.094792
705.110860,11.261458
705.197040,11.844792
705.283194,12.136458
705.369320,12.844792
705.455419,13.469792
705.541490,14.886458
705.627534,15.219792
705.713551,15.594792
705.799541,15.511458
705.885503,15.719792
705.971438,15.261458
706.057345,14.553125
706.143225,13.761458
706.229078,13.303125
706.314904,12.803125
706.400702,12.969792
706.486473,12.511458
706.572216,11.886458
706.657932,11.344792
706.743621,11.053125
706.829282,11.178125
706.914917,11.011458
707.000523,11.136458
707.086103,11.678125
707.171655,11.469792
707.257179,11.053125
707.342677,10.469792
707.428147,10.178125
707.513589,10.803125
707.599005,10.303125
707.684393,10.428125
707.769753,9.678125
707.855086,8.969792
707.940392,8.053125
708.025671,7.678125
708.110922,7.928125
708.196146,8.303125
708.281342,8.178125
708.366511,8.219792
708.451653,8.178125
708.536767,8.844792
708.621854,8.844792
708.706913,9.553125
708.791946,8.803125
708.876950,9.053125
708.961928,8.261458
709.046878,8.469792
709.131800,8.053125
709.216696,7.719792
709.301564,6.928125
709.386404,6.803125
709.471217,6.719792
709.556003,6.678125
709.640761,5.594792
709.725492,4.719792
709.810196,4.094792
709.894872,3.803125
709.979521,4.178125
710.064142,4.303125
710.148736,4.428125
710.233303,4.178125
710.317842,4.219792
710.402354,4.803125
710.486838,4.886458
710.571295,4.928125
710.655725,4.511458
710.740127,4.761458
710.824502,4.969792
710.908849,6.094792
710.993169,7.261458
711.077462,8.428125
711.161727,8.969792
711.245965,8.303125
711.330175,7.844792
711.414358,8.469792
711.498514,9.469792
711.582642,10.511458
711.666743,10.386458
711.750816,11.261458
711.834862,12.261458
711.918880,13.261458
712.002871,14.261458
712.086835,14.011458
712.170771,13.428125
712.254680,12.636458
712.338561,12.553125
712.422415,12.928125
712.506241,12.803125
712.590040,12.928125
712.673812,12.428125
712.757556,12.219792
712.841273,12.344792
712.924962,12.469792
713.008624,12.219792
713.092258,11.678125
713.175865,11.969792
713.259445,12.178125
713.342997,12.803125
713.426522,12.844792
713.510019,12.928125
713.593489,12.803125
713.676931,12.969792
713.760346,13.928125
713.843733,14.594792
713.927093,14.761458
714.010426,14.594792
714.093731,14.136458
714.177008,13.886458
714.260258,13.219792
714.343481,12.719792
714.426676,12.594792
714.509844,12.928125
714.592984,12.303125
714.676097,11.969792
714.759183,10.636458
714.842240,10.303125
714.925271,9.428125
715.008274,9.553125
715.091249,9.094792
715.174197,9.219792
715.257118,8.719792
715.340011,9.344792
715.422877,9.261458
715.505715,9.636458
715.588525,9.344792
715.671309,9.386458
715.754064,9.178125
715.836793,9.053125
715.919493,9.053125
716.002167,8.844792
716.084812,9.178125
716.167431,9.136458
716.250021,9.178125
716.332585,9.136458
716.415121,8.719792
716.497629,8.428125
716.580110,7.511458
716.662563,8.178125
716.744989,7.803125
716.827387,8.219792
716.909758,7.261458
716.992102,7.553125
717.074417,7.136458
717.156706,7.511458
717.238967,8.053125
717.321200,7.928125
717.403406,7.469792
717.485584,7.178125
717.567735,8.053125
717.649858,9.011458
717.731954,9.344792
717.814023,9.178125
717.896063,8.178125
717.978077,8.219792
718.060062,7.428125
718.142021,7.511458
718.223951,6.553125
718.305855,6.553125
718.387730,6.386458
718.469579,5.844792
718.551399,5.678125
718.633192,5.428125
718.714958,6.261458
718.796696,6.428125
718.878407,6.928125
718.960090,6.636458
719.041745,6.761458
719.123373,6.761458
719.204974,7.261458
719.286546,6.844792
719.368092,7.469792
719.449610,7.011458
719.531100,7.511458
719.612563,7.136458
719.693998,7.636458
719.775406,8.011458
719.856786,7.803125
719.938138,7.219792
720.019463,6.594792
720.100761,6.344792
720.182031,5.886458
720.263273,5.803125
720.344488,5.428125
720.425675,5.928125
720.506835,6.261458
720.587967,6.261458
720.669072,6.136458
720.750149,6.094792
720.831199,7.344792
720.912220,7.094792
720.993215,6.928125
721.074182,6.386458
721.155121,6.511458
721.236033,6.844792
721.316917,5.928125
721.397773,5.803125
721.478602,5.053125
721.559404,5.344792
721.640178,5.178125
721.720924,5.344792
721.801643,4.553125
721.882334,4.136458
721.962998,3.636458
722.043634,3.428125
722.124242,3.636458
722.204823,3.469792
722.285376,3.969792
722.365902,3.844792
722.446400,4.053125
722.526870,4.011458
722.607313,4.178125
722.687729,4.053125
722.768116,4.428125
722.848477,4.553125
722.928809,4.761458
723.009114,4.261458
723.089391,4.094792
723.169641,3.928125
723.249863,4.386458
723.330058,4.511458
723.410225,4.636458
723.490364,4.803125
723.570476,4.678125
723.650560,4.636458
723.730617,4.053125
723.810646,4.428125
723.890647,4.594792
723.970621,4.553125
724.050567,4.219792
724.130486,3.969792
724.210377,4.428125
724.290240,4.594792
724.370076,4.886458
724.449884,5.178125
724.529665,4.928125
724.609417,4.636458
724.689143,3.844792
724.768840,4.011458
724.848510,4.386458
724.928153,4.844792
725.007767,4.469792
725.087355,4.011458
725.166914,4.344792
725.246446,4.678125
725.325950,4.969792
725.405427,4.511458
725.484876,4.303125
725.564297,4.803125
725.643691,4.969792
725.723057,5.719792
725.802396,5.386458
725.881706,5.386458
725.960990,4.886458
726.040245,4.844792
726.119473,4.719792
726.198673,4.678125
726.277846,4.553125
726.356991,4.511458
726.436108,3.969792
726.515198,3.553125
726.594260,3.594792
726.673294,4.428125
726.752301,5.053125
726.831280,4.719792
726.910231,3.969792
726.989155,3.719792
727.068051,3.928125
727.146920,4.303125
727.225761,4.511458
727.304574,4.761458
727.383359,5.094792
727.462117,4.928125
727.540847,4.803125
727.619550,4.053125
727.698224,3.844792
727.776871,3.719792
727.855491,4.761458
727.934083,5.386458
728.012647,5.469792
728.091183,4.969792
728.169692,4.303125
728.248173,4.261458
728.326627,3.803125
728.405052,4.011458
728.483450,4.136458
728.561821,4.011458
728.640163,3.719792
728.718479,2.969792
728.796766,2.511458
728.875025,2.011458
728.953257,2.386458
729.031462,2.678125
729.109638,2.886458
729.187787,2.844792
729.265908,2.678125
729.344002,1.969792
729.422068,1.928125
729.500106,2.011458
729.578116,3.053125
729.656099,3.053125
729.734054,3.178125
729.811981,3.053125
729.889881,2.928125
729.967753,2.886458
730.045597,2.928125
730.123414,2.886458
730.201202,3.053125
730.278963,2.803125
730.356697,2.803125
730.434402,2.594792
730.512080,2.469792
730.589731,2.594792
730.667353,2.678125
730.744948,2.886458
730.822515,2.928125
730.900054,3.511458
730.977566,3.386458
731.055050,3.761458
731.132506,3.594792
731.209935,4.303125
731.287335,3.636458
731.364708,3.511458
731.442054,3.344792
731.519371,3.969792
731.596661,4.136458
731.673923,4.344792
731.751158,4.094792
731.828364,4.136458
731.905543,3.803125
731.982694,3.844792
732.059818,3.428125
732.136913,3.344792
732.213981,3.053125
732.291022,3.178125
732.368034,3.219792
732.445019,3.386458
732.521976,3.719792
732.598905,3.636458
732.675806,3.094792
732.752680,2.219792
732.829526,1.594792
732.906344,2.011458
732.983135,1.844792
733.059898,2.094792
733.136633,2.094792
733.213340,2.511458
733.290019,2.803125
733.366671,3.053125
733.443295,3.094792
733.519891,2.844792
733.596459,3.053125
733.673000,3.303125
733.749513,3.928125
733.825998,3.928125
733.902455,3.803125
733.978885,3.511458
734.055287,3.053125
734.131661,3.053125
734.208007,3.053125
734.284326,2.969792
734.360616,2.803125
734.436879,2.719792
734.513114,2.636458
734.589322,2.553125
734.665501,2.303125
734.741653,2.011458
734.817777,2.469792
734.893873,2.386458
734.969942,3.261458
735.045982,2.928125
735.121995,2.803125
735.197980,2.219792
735.273938,2.594792
735.349867,2.844792
735.425769,2.886458
735.501643,2.344792
735.577489,2.469792
735.653307,2.344792
735.729098,2.761458
735.804860,2.469792
735.880595,3.011458
735.956302,3.261458
736.031982,3.761458
736.107633,3.678125
736.183257,2.803125
736.258853,2.178125
736.334421,1.469792
736.409961,2.053125
736.485474,2.344792
736.560958,2.594792
736.636415,2.219792
736.711844,1.886458
736.787245,1.469792
736.862619,1.969792
736.937964,2.344792
737.013282,2.969792
737.088572,2.761458
737.163834,2.428125
737.239068,2.261458
737.314275,2.053125
737.389453,2.386458
737.464604,2.011458
737.539727,2.178125
737.614822,1.761458
737.689890,1.594792
737.764929,1.011458
737.839941,1.719792
737.914925,1.928125
737.989881,2.303125
738.064809,2.219792
738.139709,2.844792
738.214581,2.886458
738.289426,2.719792
738.364243,2.636458
738.439032,2.303125
738.513793,2.219792
738.588526,1.844792
738.663231,2.636458
738.737909,2.553125
738.812559,3.053125
738.887180,2.094792
738.961774,2.428125
739.036340,2.386458
739.110879,2.886458
739.185389,2.761458
739.259872,2.428125
739.334326,2.844792
739.408753,2.428125
739.483152,3.219792
739.557523,2.344792
739.631866,2.719792
739.706182,1.844792
739.780469,2.844792
739.854729,3.136458
739.928961,3.178125
740.003165,2.886458
740.077341,2.969792
740.151489,3.344792
740.225609,3.136458
740.299701,3.219792
740.373766,2.344792
740.447802,2.761458
740.521811,1.969792
740.595792,2.428125
740.669745,1.678125
740.743670,1.969792
740.817567,2.594792
740.891437,3.261458
740.965278,3.636458
741.039092,3.094792
741.112877,3.428125
741.186635,3.261458
741.260365,3.511458
741.334067,2.844792
741.407741,3.136458
741.481387,3.178125
741.555006,3.761458
741.628596,3.636458
741.702159,3.761458
741.775693,3.219792
741.849200,3.053125
741.922679,2.386458
741.996130,2.928125
742.069552,2.678125
742.142948,3.136458
742.216315,2.761458
742.289654,3.636458
742.362965,4.136458
742.436249,4.303125
742.509504,4.053125
742.582732,3.761458
742.655932,3.761458
742.729103,3.386458
742.802247,3.344792
742.875363,3.511458
742.948451,3.719792
743.021511,3.594792
743.094543,3.011458
743.167548,2.678125
743.240524,2.803125
743.313472,2.969792
743.386393,3.178125
743.459285,2.511458
743.532150,2.678125
743.604986,2.636458
743.677795,2.969792
743.750576,2.928125
743.823329,3.886458
743.896054,4.261458
743.968751,4.136458
744.041420,2.636458
744.114061,2.094792
744.186674,2.011458
744.259259,2.011458
744.331816,2.803125
744.404346,2.428125
744.476847,2.719792
744.549320,2.178125
744.621766,2.344792
744.694183,2.761458
744.766573,2.594792
744.838934,3.094792
744.911268,3.219792
744.983574,3.636458
745.055851,3.636458
745.128101,3.261458
745.200323,3.094792
745.272517,2.803125
745.344683,3.261458
745.416820,3.303125
745.488930,3.678125
745.561012,2.886458
745.633066,2.886458
745.705092,2.219792
745.777090,2.469792
745.849061,2.011458
745.921003,2.678125
745.992917,2.261458
746.064803,2.303125
746.136661,1.511458
746.208491,1.469792
746.280294,1.344792
746.352068,1.594792
746.423814,1.803125
746.495532,2.303125
746.567223,2.386458
746.638885,2.386458
746.710519,2.136458
746.782126,1.261458
746.853704,1.344792
746.925254,1.386458
746.996777,2.011458
747.068271,1.261458
747.139737,0.719792
747.211176,0.303125
747.282586,1.011458
747.353968,1.303125
747.425323,2.178125
747.496649,1.844792
747.567947,2.094792
747.639218,1.636458
747.710460,1.886458
747.781675,1.719792
747.852861,2.178125
747.924019,1.969792
747.995149,1.719792
748.066252,0.969792
748.137326,0.969792
748.208372,1.219792
748.279391,1.469792
748.350381,1.136458
748.421343,0.428125
748.492277,0.469792
748.563183,0.969792
748.634062,0.928125
748.704912,0.844792
748.775734,0.511458
748.846528,1.011458
748.917294,0.969792
748.988032,1.053125
749.058742,1.344792
749.129424,1.386458
749.200078,1.886458
749.270704,2.136458
749.341302,1.969792
749.411872,1.803125
749.482413,1.594792
749.552927,2.261458
749.623413,2.136458
749.693871,1.886458
749.764300,1.511458
749.834702,1.344792
749.905075,1.594792
