 EuGa4 on Bruker (X-ray, MoKa)
 Sinthet/lamb       Gobs        Gcal      Sigma     DIF/Sigma  h   k   l   iv        Additional information            
     0.09372      160.48      173.59       19.71       -0.66   0   0   2    0
     0.12287      650.91      665.20       32.30       -0.44   1   0   1    0
     0.18073    20606.98    20511.57      891.20        1.12   1   0   3    0
     0.18743     8770.51     9734.99      115.08        2.66   0   0   4    0
     0.26037    21162.75    22153.04     1452.54        0.03   1   0   5    0
     0.28115      445.33      468.49       63.53       -0.36   0   0   6    0
     0.34712     1707.77     1894.32      204.37       -0.91   1   0   7    0
     0.37487    32122.43    30673.73      253.44       -1.42   0   0   8    0
     0.43675       51.83       16.47       42.93        0.82   1   0   9    0
     0.46858      609.23     1301.68      201.57       -3.44   0   0  10    0   <- Dubious reflection
     0.56230     2447.38     2091.01      529.95        0.67   0   0  12    0   <- Dubious reflection
     0.65602      227.24      155.06       49.30        1.46   0   0  14    0
     0.74973     5674.97     3411.64      710.40        3.19   0   0  16    0
     0.84345     1020.81      634.18      102.38        3.78   0   0  18    0
     0.93717      320.05      411.95      102.04       -0.90   0   0  20    0
