 EuGa4 on Bruker (X-ray, MoKa)
 Sinthet/lamb       Gobs        Gcal      Sigma     DIF/Sigma  h   k   l   iv        Additional information            
     0.09372      182.82      150.70       22.92        1.40   0   0   2    0
     0.12287      779.97      747.77       40.23        0.80   1   0   1    0
     0.18073    22721.48    22743.14      191.69       -0.11   1   0   3    0
     0.18743     9579.31     9448.56      102.32        1.28   0   0   4    0
     0.26037    23657.67    23954.08      347.55       -0.85   1   0   5    0
     0.28115      534.99      552.97       47.80       -0.38   0   0   6    0
     0.34712     1871.26     1917.85      114.34       -0.41   1   0   7    0
     0.37487    35525.78    35769.46      275.74       -0.88   0   0   8    0
     0.46858      942.58      922.36       68.83        0.29   0   0  10    0
     0.56230     2703.23     2859.09      131.76       -1.18   0   0  12    0
     0.65602      370.71      302.27       89.74        0.76   0   0  14    0
     0.74973     5009.46     4864.33      189.61        0.77   0   0  16    0
     0.84345      373.70      396.55      122.86       -0.19   0   0  18    0
     0.93717      794.76      700.72      116.26        0.81   0   0  20    0
