 EuGa4 on Bruker (X-ray, MoKa)
 Sinthet/lamb       Gobs        Gcal      Sigma     DIF/Sigma  h   k   l   iv        Additional information            
     0.09372     1083.37      591.44       64.74        7.60   0   0   2    0
     0.12287     4175.57     2013.94      204.17       10.59   1   0   1    0
     0.18073    61846.32    64390.75      689.13       -3.69   1   0   3    0
     0.18743    33655.54    28112.72      944.83        5.87   0   0   4    0
     0.26037    69928.25    74586.96      739.37       -6.30   1   0   5    0
     0.28115     2808.65     2551.50       93.77        2.74   0   0   6    0
     0.34712     9901.96     7328.09      819.62        3.14   1   0   7    0
     0.37487   106184.55   114778.30     4172.78       -2.06   0   0   8    0
     0.43675      117.39       30.96       51.48        1.68   1   0   9    0   <- Dubious reflection
     0.46858     4618.18     4117.23      147.91        3.39   0   0  10    0
     0.52781    16289.74     9817.27      600.17       10.78   1   0  11    0
     0.56230    13148.41    12411.75      208.20        3.54   0   0  12    0
     0.61966    27953.44    23540.25      986.39        4.47   1   0  13    0
     0.65602     2362.59     2269.98      139.41        0.66   0   0  14    0
     0.71199     5454.71     6423.85      469.13       -2.07   1   0  15    0
     0.74973    25098.59    22742.46      407.66        5.78   0   0  16    0
     0.80465       90.05       66.05       77.47        0.31   1   0  17    0   <- Dubious reflection
     0.84345     2243.81     2613.72      165.32       -2.24   0   0  18    0
     0.93717     4272.59     6007.89      244.56       -7.10   0   0  20    0
     1.03088     1246.91     1239.08      203.53        0.04   0   0  22    0
     1.12460     3335.14     4520.04      239.00       -4.96   0   0  24    0
     1.21832      673.25      870.84      165.09       -1.20   0   0  26    0
