 EuGa4 on Bruker (X-ray, MoKa)
 Sinthet/lamb       Gobs        Gcal      Sigma     DIF/Sigma  h   k   l   iv        Additional information            
     0.09372      111.99      110.17       17.67        0.10   0   0   2    0
     0.12287      664.67      666.51       42.22       -0.04   1   0   1    0
     0.18073    21508.54    20384.24      579.11        0.38   1   0   3    0
     0.18743     9672.49     8178.66      197.27        1.31   0   0   4    0
     0.26037    22190.05    21471.05      739.45       -0.42   1   0   5    0
     0.28115      432.87      372.02       66.17        0.92   0   0   6    0
     0.34712     1667.03     1629.61      154.80        0.24   1   0   7    0
     0.37487    36474.06    36344.98      316.62       -2.18   0   0   8    0
     0.43675       73.69       38.15       50.45        0.70   1   0   9    0   <- Dubious reflection
     0.46858      770.41      923.80      139.17       -1.10   0   0  10    0   <- Dubious reflection
     0.56230     2740.09     2772.22      112.15       -0.29   0   0  12    0
     0.65602      162.30      226.95      159.53       -0.41   0   0  14    0   <- Dubious reflection
     0.74973     6728.05     6611.91      201.04        0.58   0   0  16    0
     0.84345      740.39      697.90       81.94        0.52   0   0  18    0
     0.93717      907.85      945.57      115.91       -0.33   0   0  20    0
