 EuGa4 on Bruker (X-ray, MoKa)
 Sinthet/lamb       Gobs        Gcal      Sigma     DIF/Sigma  h   k   l   iv        Additional information            
     0.09372      170.26      149.29       19.87        1.06   0   0   2    0
     0.12287      802.20      745.60       45.46        1.25   1   0   1    0
     0.18073    23172.68    22773.03      247.54        1.61   1   0   3    0
     0.18743     9557.09     9486.45      107.57        0.66   0   0   4    0
     0.26037    23322.05    23669.50      287.94       -1.21   1   0   5    0
     0.28115      614.23      616.33       68.41       -0.03   0   0   6    0
     0.34712     1746.89     1801.44       93.51       -0.58   1   0   7    0
     0.37487    34348.29    34698.49      288.41       -1.21   0   0   8    0
     0.43675      118.65       15.93       82.79        1.24   1   0   9    0   <- Dubious reflection
     0.46858      824.12      749.06       77.41        0.97   0   0  10    0
     0.56230     2561.72     2586.08      111.70       -0.22   0   0  12    0
     0.65602      572.38      374.61       94.96        2.08   0   0  14    0
     0.74973     4341.47     4069.65      190.38        1.43   0   0  16    0
     0.84345      364.05      232.20      130.85        1.01   0   0  18    0
     0.93717      644.17      519.31      133.28        0.94   0   0  20    0
