 EuGa4 on Bruker (X-ray, MoKa)
 Sinthet/lamb       Gobs        Gcal      Sigma     DIF/Sigma  h   k   l   iv        Additional information            
     0.09372      631.20      553.65       70.67        1.10   0   0   2    0   <- Dubious reflection
     0.12287     2340.10     1277.04      213.77        4.97   1   0   1    0
     0.16063    20167.09    18332.20      137.47       13.35   1   1   0    0
     0.18073    36814.13    40011.78     1312.11       -2.44   1   0   3    0
     0.18597    58454.40    78500.73     6599.10       -3.04   1   1   2    0
     0.18743    19930.08    19220.50      473.07        1.50   0   0   4    0
     0.24685    16576.02    11309.46     2141.75        2.46   1   1   4    0   <- Dubious reflection
     0.26037    43613.34    49508.73     2189.90       -2.69   1   0   5    0
     0.28115     1607.95     2059.81       64.24       -7.03   0   0   6    0
     0.32380    33025.50    27247.30     1638.07        3.53   1   1   6    0
     0.34712     6191.12     6535.41      831.20       -0.41   1   0   7    0   <- Dubious reflection
     0.37487    60546.09    71527.12     3180.96       -3.45   0   0   8    0
     0.40783    10488.98     5654.97     1456.67        3.32   1   1   8    0   <- Dubious reflection
     0.43675       70.57      115.68       35.19       -1.28   1   0   9    0   <- Dubious reflection
     0.46858     2938.02     3665.25      587.22       -1.24   0   0  10    0   <- Dubious reflection
     0.49535    40570.39    43313.02     5394.73       -0.51   1   1  10    0   <- Dubious reflection
     0.52781    10234.28     5601.63     1494.42        3.10   1   0  11    0   <- Dubious reflection
     0.56230     8608.85    11123.64     1985.67       -1.27   0   0  12    0   <- Dubious reflection
     0.58479     2968.32      570.13      396.11        6.05   1   1  12    0   <- Dubious reflection
     0.61966    17294.72    15022.37     2492.67        0.91   1   0  13    0   <- Dubious reflection
     0.65602     1367.34     1060.41       80.06        3.83   0   0  14    0
     0.67540     5584.34     5694.08      848.00       -0.13   1   1  14    0   <- Dubious reflection
     0.71199     3469.41     6114.39      641.55       -4.12   1   0  15    0   <- Dubious reflection
     0.74973     9185.50    13837.83      244.54      -19.02   0   0  16    0
     0.76675     1153.83      605.29      175.56        3.12   1   1  16    0
     0.80465       56.17      537.10       56.69       -8.48   1   0  17    0   <- Dubious reflection
     0.84345     1331.30     2031.10      108.85       -6.43   0   0  18    0
     0.85861    11215.33    14664.22     4450.48       -0.77   1   1  18    0   <- Dubious reflection
     0.89753      646.35      817.96      494.36       -0.35   1   0  19    0   <- Dubious reflection
     0.93717     3878.35     6324.20      301.10       -8.12   0   0  20    0
     0.95083      161.98      122.10      176.26        0.23   1   1  20    0   <- Dubious reflection
     0.99056     2821.03     3513.50     1773.58       -0.39   1   0  21    0   <- Dubious reflection
     1.03088     1258.13      161.44      233.36        4.70   0   0  22    0
     1.08371     1521.17     3170.26      473.38       -3.48   1   0  23    0   <- Dubious reflection
     1.12460     2571.50     3265.11      322.13       -2.15   0   0  24    0
     1.17695       58.73      739.64      185.99       -3.66   1   0  25    0   <- Dubious reflection
     1.21832      163.43      584.33      199.96       -2.10   0   0  26    0
     1.27027       55.12      257.49      239.79       -0.84   1   0  27    0   <- Dubious reflection
