 EuGa4 on Bruker (X-ray, MoKa)
 Sinthet/lamb       Gobs        Gcal      Sigma     DIF/Sigma  h   k   l   iv        Additional information            
     0.09372      822.70      351.67       48.03        9.81   0   0   2    0
     0.12287     4315.36     4433.51      560.43       -0.21   1   0   1    0   <- Dubious reflection
     0.18073   100009.05   109467.47     4991.24       -1.90   1   0   3    0
     0.18743    43036.42    34985.33      494.27       16.29   0   0   4    0
     0.26037   105027.70    62179.03     4749.04        9.02   1   0   5    0
     0.28115     2602.50     2332.37      304.34        0.89   0   0   6    0
     0.34712     9903.72      383.72     1923.07        4.95   1   0   7    0   <- Dubious reflection
     0.37487   165223.75   156050.92      874.59       10.49   0   0   8    0
     0.43675      429.15     7264.95      544.66      -12.55   1   0   9    0   <- Dubious reflection
     0.46858     4423.40     1735.03      771.11        3.49   0   0  10    0   <- Dubious reflection
     0.52781    16401.91    43251.29     2528.73      -10.62   1   0  11    0   <- Dubious reflection
     0.56230    13090.75    14628.51     1988.87       -0.77   0   0  12    0   <- Dubious reflection
     0.61966    29999.79    12575.24     4606.26        3.78   1   0  13    0   <- Dubious reflection
     0.65602     2867.82     3954.40      233.75       -4.65   0   0  14    0
     0.71199     5692.00      223.22      950.08        5.76   1   0  15    0   <- Dubious reflection
     0.74973    31529.71    38935.24      708.48      -10.45   0   0  16    0
     0.80465      222.59     5952.15      216.61      -26.45   1   0  17    0
     0.84345     2061.27      847.39      743.66        1.63   0   0  18    0   <- Dubious reflection
     0.93717     2852.49     7189.08     1123.35       -3.86   0   0  20    0   <- Dubious reflection
     1.03088      739.79     2574.45      317.02       -5.79   0   0  22    0   <- Dubious reflection
     1.12460     1753.41    11663.92      288.56      -34.34   0   0  24    0
     1.21832      112.83      618.87      309.61       -1.63   0   0  26    0   <- Dubious reflection
