 EuGa4 on Bruker (X-ray, MoKa)
 Sinthet/lamb       Gobs        Gcal      Sigma     DIF/Sigma  h   k   l   iv        Additional information            
     0.09372     2964.83     2490.45      406.92        1.17   0   0   2    0
     0.12287     6512.41     4666.01     1659.57        1.11   1   0   1    0   <- Dubious reflection
     0.18073   145417.69   147038.42      890.20       -1.82   1   0   3    0
     0.18743    87991.46    74540.73     1303.65       10.32   0   0   4    0
     0.26037   172424.56   188813.22     3271.78       -5.01   1   0   5    0
     0.28115    10323.46     9466.61      261.25        3.28   0   0   6    0
     0.34712    26813.90    27998.22     1764.38       -0.67   1   0   7    0
     0.37487   275164.00   263401.66    23586.95        0.50   0   0   8    0
     0.43675      239.54      507.58      156.51       -1.71   1   0   9    0   <- Dubious reflection
     0.46858    13913.38    14780.65      449.79       -1.93   0   0  10    0
     0.52781    56119.51    18228.95     6047.28        6.27   1   0  11    0
     0.56230    54623.10    47526.72     2098.97        3.38   0   0  12    0
     0.61966   112909.95    54080.82     6969.03        8.44   1   0  13    0
     0.65602    10815.48     4571.64     1079.69        5.78   0   0  14    0
     0.71199    24463.73    25426.65     3928.43       -0.25   1   0  15    0   <- Dubious reflection
     0.74973   118957.50    49115.65    25775.30        2.71   0   0  16    0   <- Dubious reflection
     0.80465      187.70     2795.07      351.18       -7.42   1   0  17    0   <- Dubious reflection
     0.84345    11309.25     6693.50      795.53        5.80   0   0  18    0
     0.89753     6658.71     2694.07     3237.07        1.22   1   0  19    0   <- Dubious reflection
     0.93717    34659.61    27572.59     1289.74        5.49   0   0  20    0
     0.99056    26442.77    11445.65    17842.06        0.84   1   0  21    0   <- Dubious reflection
     1.03088    11225.14      553.59      809.26       13.19   0   0  22    0
     1.08371    19218.90    12017.54     2321.21        3.10   1   0  23    0
     1.12460    29795.97    12124.20     7897.40        2.24   0   0  24    0   <- Dubious reflection
     1.17695      453.50     3608.53      790.04       -3.99   1   0  25    0
     1.21832     6495.19     1332.15      723.02        7.14   0   0  26    0
     1.31204     5633.31    14799.27      599.75      -15.28   0   0  28    0
