#run03_Mar17_inside.txt
#Fri, Mar 17, 2023, 10:52 AM
#WL (nm), Int (cts)
674.996352,6.675000
675.091533,7.141667
675.186688,7.008333
675.281816,7.541667
675.376916,8.208333
675.471990,8.541667
675.567037,7.608333
675.662057,7.141667
675.757051,6.941667
675.852017,8.075000
675.946956,8.341667
676.041869,7.475000
676.136754,6.608333
676.231613,6.275000
676.326444,7.008333
676.421249,7.741667
676.516027,8.675000
676.610778,8.341667
676.705502,7.675000
676.800199,7.275000
676.894869,8.208333
676.989513,8.941667
677.084129,8.208333
677.178718,7.741667
677.273281,7.275000
677.367816,7.941667
677.462325,7.875000
677.556807,7.675000
677.651261,7.475000
677.745689,6.941667
677.840090,7.275000
677.934464,7.141667
678.028811,7.808333
678.123131,7.208333
678.217424,7.075000
678.311690,6.408333
678.405930,7.075000
678.500142,6.875000
678.594327,7.141667
678.688486,6.408333
678.782617,6.208333
678.876722,5.808333
678.970799,6.941667
679.064850,7.875000
679.158873,8.608333
679.252870,7.141667
679.346840,5.941667
679.440783,5.408333
679.534698,6.275000
679.628587,6.541667
679.722449,6.475000
679.816284,7.008333
679.910092,7.941667
680.003873,7.941667
680.097627,7.608333
680.191354,7.541667
680.285054,7.541667
680.378727,8.075000
680.472373,7.675000
680.565993,7.941667
680.659585,6.608333
680.753150,6.341667
680.846688,5.941667
680.940199,6.541667
681.033684,7.208333
681.127141,7.608333
681.220571,7.808333
681.313975,8.141667
681.407351,7.541667
681.500700,7.808333
681.594023,7.208333
681.687318,7.941667
681.780587,7.875000
681.873828,8.608333
681.967042,9.941667
682.060230,8.675000
682.153390,8.341667
682.246524,7.008333
682.339630,7.808333
682.432710,6.875000
682.525762,6.941667
682.618788,6.275000
682.711786,6.208333
682.804757,6.141667
682.897702,6.008333
682.990619,6.875000
683.083510,6.808333
683.176373,7.741667
683.269210,7.408333
683.362019,7.608333
683.454801,7.541667
683.547557,7.408333
683.640285,7.608333
683.732986,7.475000
683.825661,7.208333
683.918308,6.141667
684.010928,5.941667
684.103522,6.675000
684.196088,8.141667
684.288627,8.275000
684.381139,8.541667
684.473624,7.808333
684.566082,7.475000
684.658514,6.075000
684.750918,5.875000
684.843295,6.075000
684.935645,6.808333
685.027968,7.475000
685.120264,7.875000
685.212533,7.741667
685.304774,6.808333
685.396989,6.808333
685.489177,6.875000
685.581338,7.875000
685.673471,7.875000
685.765578,8.075000
685.857658,7.741667
685.949710,8.541667
686.041736,8.675000
686.133734,8.408333
686.225706,7.475000
686.317650,7.741667
686.409567,8.075000
686.501458,8.075000
686.593321,8.675000
686.685157,9.208333
686.776966,9.875000
686.868748,9.875000
686.960503,10.141667
687.052231,10.675000
687.143932,11.208333
687.235606,12.141667
687.327252,12.275000
687.418872,11.341667
687.510465,10.675000
687.602030,10.008333
687.693569,10.875000
687.785080,10.141667
687.876564,11.275000
687.968021,11.208333
688.059452,12.141667
688.150855,10.608333
688.242231,9.941667
688.333580,8.341667
688.424901,9.141667
688.516196,8.408333
688.607464,9.075000
688.698704,8.608333
688.789918,8.808333
688.881104,8.075000
688.972264,7.341667
689.063396,7.275000
689.154501,7.341667
689.245579,7.675000
689.336630,7.675000
689.427654,7.408333
689.518651,6.275000
689.609620,5.608333
689.700563,5.208333
689.791478,5.808333
689.882367,6.408333
689.973228,6.608333
690.064062,6.675000
690.154869,6.008333
690.245649,5.275000
690.336402,5.475000
690.427128,5.475000
690.517826,6.741667
690.608498,6.541667
690.699142,7.475000
690.789759,8.141667
690.880350,8.808333
690.970913,8.008333
691.061449,6.741667
691.151957,6.075000
691.242439,6.275000
691.332894,6.875000
691.423321,6.941667
691.513721,7.341667
691.604095,6.741667
691.694441,6.608333
691.784760,6.808333
691.875051,9.208333
691.965316,11.608333
692.055554,13.541667
692.145764,13.341667
692.235947,12.275000
692.326104,9.941667
692.416233,8.208333
692.506334,6.675000
692.596409,7.008333
692.686457,6.741667
692.776477,7.475000
692.866471,7.875000
692.956437,8.675000
693.046376,9.608333
693.136288,13.208333
693.226172,20.675000
693.316030,32.941667
693.405860,44.475000
693.495664,51.941667
693.585440,50.608333
693.675189,41.675000
693.764911,30.275000
693.854605,20.875000
693.944273,15.075000
694.033913,11.141667
694.123526,8.875000
694.213112,8.008333
694.302671,7.941667
694.392203,7.341667
694.481707,7.141667
694.571185,6.808333
694.660635,6.675000
694.750058,6.875000
694.839454,6.475000
694.928822,6.475000
695.018164,4.941667
695.107478,4.208333
695.196765,4.475000
695.286025,4.741667
695.375258,5.141667
695.464464,4.675000
695.553642,4.875000
695.642793,4.741667
695.731918,3.675000
695.821014,3.875000
695.910084,3.741667
695.999127,4.675000
696.088142,4.675000
696.177130,5.408333
696.266091,4.541667
696.355025,4.475000
696.443931,4.075000
696.532811,5.275000
696.621663,5.141667
696.710488,5.208333
696.799286,4.741667
696.888056,4.875000
696.976799,5.075000
697.065516,5.208333
697.154205,5.275000
697.242866,4.808333
697.331501,4.808333
697.420108,4.341667
697.508688,4.875000
697.597241,4.141667
697.685767,4.675000
697.774265,4.275000
697.862737,4.741667
697.951181,4.075000
698.039598,4.208333
698.127987,4.075000
698.216350,4.475000
698.304685,4.341667
698.392993,5.008333
698.481274,5.141667
698.569527,5.341667
698.657753,4.741667
698.745953,5.141667
698.834124,4.608333
698.922269,4.608333
699.010386,4.675000
699.098477,5.608333
699.186539,5.408333
699.274575,4.808333
699.362584,4.408333
699.450565,4.541667
699.538519,4.075000
699.626445,4.008333
699.714345,3.941667
699.802217,4.475000
699.890062,4.075000
699.977880,4.141667
700.065671,4.075000
700.153434,4.475000
700.241170,4.675000
700.328879,4.475000
700.416560,5.075000
700.504214,5.075000
700.591841,4.941667
700.679441,4.275000
700.767014,4.875000
700.854559,5.208333
700.942077,5.675000
701.029568,6.741667
701.117031,7.741667
701.204467,8.075000
701.291876,7.075000
701.379258,6.075000
701.466612,5.208333
701.553939,4.208333
701.641239,3.875000
701.728512,4.141667
701.815757,4.341667
701.902975,4.741667
701.990166,4.075000
702.077330,4.008333
702.164466,4.475000
702.251575,4.808333
702.338657,5.275000
702.425711,4.608333
702.512738,4.341667
702.599738,3.941667
702.686710,3.741667
702.773656,4.808333
702.860574,5.141667
702.947464,6.008333
703.034328,5.341667
703.121164,5.208333
703.207973,5.141667
703.294754,5.141667
703.381509,5.275000
703.468235,5.408333
703.554935,6.475000
703.641607,6.875000
703.728253,6.941667
703.814870,6.341667
703.901461,6.475000
703.988024,6.475000
704.074560,6.541667
704.161068,6.475000
704.247549,6.808333
704.334003,6.741667
704.420430,7.341667
704.506829,7.141667
704.593201,6.941667
704.679546,7.341667
704.765863,7.608333
704.852153,8.875000
704.938416,7.541667
705.024652,7.608333
705.110860,7.141667
705.197040,8.075000
705.283194,8.875000
705.369320,9.408333
705.455419,9.741667
705.541490,8.808333
705.627534,9.475000
705.713551,10.008333
705.799541,10.941667
705.885503,11.008333
705.971438,11.808333
706.057345,12.741667
706.143225,14.008333
706.229078,14.875000
706.314904,16.141667
706.400702,17.408333
706.486473,17.675000
706.572216,18.008333
706.657932,18.541667
706.743621,20.275000
706.829282,22.075000
706.914917,22.408333
707.000523,22.275000
707.086103,22.141667
707.171655,21.675000
707.257179,21.341667
707.342677,19.541667
707.428147,18.341667
707.513589,16.941667
707.599005,16.008333
707.684393,14.541667
707.769753,13.341667
707.855086,12.008333
707.940392,11.808333
708.025671,10.608333
708.110922,11.008333
708.196146,11.141667
708.281342,12.808333
708.366511,13.208333
708.451653,15.075000
708.536767,16.675000
708.621854,19.875000
708.706913,23.141667
708.791946,26.475000
708.876950,28.075000
708.961928,28.808333
709.046878,28.808333
709.131800,29.275000
709.216696,27.341667
709.301564,24.208333
709.386404,19.675000
709.471217,16.075000
709.556003,13.675000
709.640761,12.341667
709.725492,10.675000
709.810196,9.475000
709.894872,8.608333
709.979521,9.008333
710.064142,7.808333
710.148736,7.075000
710.233303,6.341667
710.317842,6.741667
710.402354,6.341667
710.486838,6.208333
710.571295,5.608333
710.655725,6.075000
710.740127,5.875000
710.824502,6.341667
710.908849,5.941667
710.993169,5.941667
711.077462,6.075000
711.161727,6.541667
711.245965,7.741667
711.330175,8.808333
711.414358,10.675000
711.498514,11.808333
711.582642,14.341667
711.666743,15.941667
711.750816,17.008333
711.834862,17.675000
711.918880,18.741667
712.002871,20.875000
712.086835,21.408333
712.170771,21.875000
712.254680,21.475000
712.338561,21.875000
712.422415,22.141667
712.506241,21.075000
712.590040,20.341667
712.673812,18.008333
712.757556,17.408333
712.841273,15.541667
712.924962,14.408333
713.008624,12.208333
713.092258,10.675000
713.175865,9.075000
713.259445,8.275000
713.342997,7.141667
713.426522,6.408333
713.510019,5.875000
713.593489,5.475000
713.676931,5.075000
713.760346,5.008333
713.843733,5.275000
713.927093,5.075000
714.010426,4.275000
714.093731,3.475000
714.177008,3.275000
714.260258,3.875000
714.343481,4.408333
714.426676,4.341667
714.509844,4.208333
714.592984,4.075000
714.676097,4.475000
714.759183,3.741667
714.842240,3.675000
714.925271,3.275000
715.008274,3.675000
715.091249,3.075000
715.174197,3.941667
715.257118,3.275000
715.340011,3.541667
715.422877,2.475000
715.505715,3.475000
715.588525,3.408333
715.671309,4.208333
715.754064,3.141667
715.836793,2.808333
715.919493,2.008333
716.002167,2.675000
716.084812,3.008333
716.167431,3.208333
716.250021,2.808333
716.332585,2.741667
716.415121,3.008333
716.497629,3.141667
716.580110,3.075000
716.662563,3.275000
716.744989,3.275000
716.827387,3.675000
716.909758,2.875000
716.992102,2.741667
717.074417,2.608333
717.156706,3.008333
717.238967,3.475000
717.321200,3.208333
717.403406,3.341667
717.485584,2.741667
717.567735,3.541667
717.649858,3.541667
717.731954,4.608333
717.814023,3.808333
717.896063,3.675000
717.978077,2.808333
718.060062,2.541667
718.142021,2.675000
718.223951,2.541667
718.305855,2.875000
718.387730,3.075000
718.469579,3.475000
718.551399,3.875000
718.633192,3.075000
718.714958,3.008333
718.796696,2.675000
718.878407,3.875000
718.960090,4.008333
719.041745,3.741667
719.123373,3.141667
719.204974,3.341667
719.286546,3.275000
719.368092,3.408333
719.449610,3.075000
719.531100,4.075000
719.612563,4.141667
719.693998,3.941667
719.775406,3.208333
719.856786,2.608333
719.938138,2.341667
720.019463,2.141667
720.100761,2.541667
720.182031,2.875000
720.263273,1.741667
720.344488,1.808333
720.425675,2.541667
720.506835,3.408333
720.587967,3.475000
720.669072,2.275000
720.750149,2.408333
720.831199,1.608333
720.912220,2.341667
720.993215,3.008333
721.074182,3.741667
721.155121,2.941667
721.236033,2.408333
721.316917,2.875000
721.397773,3.541667
721.478602,4.075000
721.559404,3.341667
721.640178,3.275000
721.720924,2.541667
721.801643,2.541667
721.882334,2.008333
721.962998,1.741667
722.043634,1.408333
722.124242,1.541667
722.204823,1.208333
722.285376,1.075000
722.365902,1.608333
722.446400,2.408333
722.526870,2.141667
722.607313,1.608333
722.687729,1.541667
722.768116,2.408333
722.848477,2.675000
722.928809,2.608333
723.009114,2.208333
723.089391,2.208333
723.169641,2.741667
723.249863,3.541667
723.330058,3.541667
723.410225,2.875000
723.490364,2.608333
723.570476,3.141667
723.650560,3.941667
723.730617,3.541667
723.810646,3.275000
723.890647,2.408333
723.970621,2.341667
724.050567,1.341667
724.130486,1.541667
724.210377,1.608333
724.290240,2.541667
724.370076,2.941667
724.449884,2.608333
724.529665,1.741667
724.609417,1.608333
724.689143,1.408333
724.768840,2.208333
724.848510,2.208333
724.928153,2.208333
725.007767,1.941667
725.087355,1.808333
725.166914,2.475000
725.246446,2.341667
725.325950,2.475000
725.405427,2.275000
725.484876,2.341667
725.564297,1.941667
725.643691,1.608333
725.723057,1.741667
725.802396,1.541667
725.881706,1.741667
725.960990,1.741667
726.040245,1.875000
726.119473,2.208333
726.198673,3.408333
726.277846,4.075000
726.356991,3.875000
726.436108,2.408333
726.515198,1.875000
726.594260,1.541667
726.673294,2.408333
726.752301,2.341667
726.831280,2.608333
726.910231,2.475000
726.989155,2.608333
727.068051,2.141667
727.146920,1.475000
727.225761,1.141667
727.304574,1.475000
727.383359,1.541667
727.462117,1.941667
727.540847,2.008333
727.619550,1.608333
727.698224,1.808333
727.776871,2.141667
727.855491,2.341667
727.934083,1.741667
728.012647,1.275000
728.091183,1.875000
728.169692,2.341667
728.248173,3.008333
728.326627,2.408333
728.405052,2.208333
728.483450,2.141667
728.561821,2.075000
728.640163,2.141667
728.718479,1.875000
728.796766,2.675000
728.875025,2.875000
728.953257,3.008333
729.031462,2.275000
729.109638,2.141667
729.187787,1.075000
729.265908,1.275000
729.344002,0.741667
729.422068,2.008333
729.500106,2.541667
729.578116,2.475000
729.656099,2.208333
729.734054,1.608333
729.811981,2.141667
729.889881,1.875000
729.967753,1.608333
730.045597,1.608333
730.123414,1.341667
730.201202,1.608333
730.278963,1.608333
730.356697,2.675000
730.434402,3.075000
730.512080,3.075000
730.589731,1.875000
730.667353,1.408333
730.744948,1.008333
730.822515,1.808333
730.900054,1.875000
730.977566,1.875000
731.055050,1.541667
731.132506,1.608333
731.209935,1.875000
731.287335,1.275000
731.364708,0.741667
731.442054,0.408333
731.519371,0.875000
731.596661,1.475000
731.673923,1.941667
731.751158,1.941667
731.828364,1.808333
731.905543,1.408333
731.982694,1.608333
732.059818,1.941667
732.136913,2.341667
732.213981,2.408333
732.291022,2.208333
732.368034,1.875000
732.445019,1.875000
732.521976,1.408333
732.598905,1.208333
732.675806,1.008333
732.752680,1.008333
732.829526,1.141667
732.906344,1.341667
732.983135,1.741667
733.059898,1.941667
733.136633,1.608333
733.213340,1.208333
733.290019,1.275000
733.366671,2.208333
733.443295,2.675000
733.519891,2.475000
733.596459,1.541667
733.673000,1.408333
733.749513,1.875000
733.825998,1.808333
733.902455,2.275000
733.978885,2.275000
734.055287,1.941667
734.131661,1.541667
734.208007,1.408333
734.284326,2.141667
734.360616,1.141667
734.436879,1.075000
734.513114,0.208333
734.589322,0.741667
734.665501,0.008333
734.741653,0.341667
734.817777,0.875000
734.893873,1.341667
734.969942,1.408333
735.045982,0.608333
735.121995,0.675000
735.197980,0.541667
735.273938,0.941667
735.349867,1.341667
735.425769,1.741667
735.501643,2.208333
735.577489,2.208333
735.653307,2.541667
735.729098,1.608333
735.804860,1.541667
735.880595,1.608333
735.956302,1.875000
736.031982,1.808333
736.107633,0.875000
736.183257,1.341667
736.258853,0.808333
736.334421,0.941667
736.409961,0.475000
736.485474,1.341667
736.560958,2.075000
736.636415,2.141667
736.711844,1.408333
736.787245,1.008333
736.862619,1.275000
736.937964,1.808333
737.013282,1.608333
737.088572,1.675000
737.163834,1.275000
737.239068,1.208333
737.314275,1.008333
737.389453,1.075000
737.464604,1.408333
737.539727,1.808333
737.614822,1.608333
737.689890,1.541667
737.764929,0.808333
737.839941,1.008333
737.914925,0.741667
737.989881,1.275000
738.064809,1.275000
738.139709,1.608333
738.214581,1.675000
738.289426,1.808333
738.364243,1.608333
738.439032,1.008333
738.513793,0.608333
738.588526,0.075000
738.663231,0.408333
738.737909,0.475000
738.812559,1.541667
738.887180,1.608333
738.961774,1.675000
739.036340,1.141667
739.110879,1.208333
739.185389,0.875000
739.259872,1.275000
739.334326,1.475000
739.408753,1.875000
739.483152,1.341667
739.557523,1.408333
739.631866,2.008333
739.706182,2.141667
739.780469,1.808333
739.854729,1.341667
739.928961,1.475000
740.003165,1.475000
740.077341,1.541667
740.151489,1.208333
740.225609,1.808333
740.299701,1.675000
740.373766,1.341667
740.447802,1.141667
740.521811,0.875000
740.595792,1.275000
740.669745,0.875000
740.743670,0.408333
740.817567,0.541667
740.891437,0.675000
740.965278,1.141667
741.039092,1.608333
741.112877,1.341667
741.186635,1.208333
741.260365,0.675000
741.334067,0.608333
741.407741,0.941667
741.481387,0.475000
741.555006,0.208333
741.628596,0.008333
741.702159,0.808333
741.775693,1.408333
741.849200,1.408333
741.922679,1.075000
741.996130,1.275000
742.069552,1.875000
742.142948,1.608333
742.216315,1.275000
742.289654,1.275000
742.362965,1.808333
742.436249,2.141667
742.509504,1.675000
742.582732,0.941667
742.655932,0.475000
742.729103,-0.058333
742.802247,0.808333
742.875363,1.675000
742.948451,1.675000
743.021511,0.808333
743.094543,0.475000
743.167548,1.008333
743.240524,1.741667
743.313472,1.675000
743.386393,1.608333
743.459285,1.275000
743.532150,0.808333
743.604986,0.808333
743.677795,0.675000
743.750576,1.008333
743.823329,0.875000
743.896054,0.941667
743.968751,0.675000
744.041420,0.808333
744.114061,0.608333
744.186674,0.408333
744.259259,0.408333
744.331816,1.341667
744.404346,1.208333
744.476847,1.075000
744.549320,0.075000
744.621766,0.475000
744.694183,0.075000
744.766573,0.675000
744.838934,0.541667
744.911268,1.475000
744.983574,1.208333
745.055851,1.208333
745.128101,0.475000
745.200323,0.608333
745.272517,1.141667
745.344683,1.275000
745.416820,1.275000
745.488930,1.008333
745.561012,1.275000
745.633066,1.541667
745.705092,1.008333
745.777090,1.275000
745.849061,0.808333
745.921003,1.141667
745.992917,1.275000
746.064803,1.275000
746.136661,1.341667
746.208491,0.675000
746.280294,0.741667
746.352068,0.541667
746.423814,0.608333
746.495532,0.875000
746.567223,1.208333
746.638885,1.208333
746.710519,1.541667
746.782126,1.341667
746.853704,1.141667
746.925254,0.675000
746.996777,0.541667
747.068271,1.475000
747.139737,1.075000
747.211176,1.075000
747.282586,0.808333
747.353968,1.341667
747.425323,1.008333
747.496649,0.808333
747.567947,0.408333
747.639218,0.808333
747.710460,1.208333
747.781675,1.141667
747.852861,0.941667
747.924019,-0.058333
747.995149,0.208333
748.066252,0.408333
748.137326,0.675000
748.208372,1.008333
748.279391,0.675000
748.350381,0.541667
748.421343,0.208333
748.492277,0.675000
748.563183,0.808333
748.634062,0.408333
748.704912,0.275000
748.775734,0.341667
748.846528,0.808333
748.917294,1.008333
748.988032,1.275000
749.058742,1.008333
749.129424,0.941667
749.200078,0.408333
749.270704,0.208333
749.341302,0.075000
749.411872,0.408333
749.482413,0.675000
749.552927,0.941667
749.623413,0.475000
749.693871,0.275000
749.764300,0.008333
749.834702,0.275000
749.905075,0.741667
