 EuGa2Al2 on Bruker (X-ray, MoKa)
 Sinthet/lamb       Gobs        Gcal      Sigma     DIF/Sigma  h   k   l   iv        Additional information            
     0.09124   173657.47   176990.33     3804.79       -0.88   0   0   2    0
     0.18248    48670.11    42525.11     1585.32        3.88   0   0   4    0
     0.27372     6336.80     7101.93      926.79       -0.83   0   0   6    0   <- Dubious reflection
     0.36496   353762.19   413671.91    24358.24       -2.46   0   0   8    0
     0.45620    52624.09    58304.08     5011.15       -1.13   0   0  10    0
     0.54744    11839.62    16176.58     1664.34       -2.61   0   0  12    0
     0.63868      620.02      561.89      693.40        0.08   0   0  14    0   <- Dubious reflection
     0.72992    19343.81    16455.02     1771.07        1.63   0   0  16    0
     0.82116     7002.13     2394.24     1272.55        3.62   0   0  18    0   <- Dubious reflection
     0.91240     1919.71     1528.38     1095.07        0.36   0   0  20    0
