 EuGa2Al2 on Bruker (X-ray, MoKa)
 Sinthet/lamb       Gobs        Gcal      Sigma     DIF/Sigma  h   k   l   iv        Additional information            
     0.09120   220507.00   225433.97      484.35      -10.17   0   0   2    0
     0.12366    37037.34    22804.90      235.51       60.43   1   0   1    0
     0.17868   667963.38   709749.81     1735.39      -24.08   1   0   3    0
     0.18240    85006.60    57579.18      402.97       68.06   0   0   4    0
     0.25534   833239.88   834609.81    46428.00       -0.03   1   0   5    0
     0.27360    17188.28    10376.01     2748.05        2.48   0   0   6    0
     0.33926    95157.19    95851.02     6958.40       -0.10   1   0   7    0
     0.36480   562845.62   706966.12    13022.76      -11.07   0   0   8    0
     0.42619      854.82      943.19      473.29       -0.19   1   0   9    0   <- Dubious reflection
     0.45600   147734.56   158207.98     2345.14       -4.47   0   0  10    0
     0.51460    90655.59    76043.69     2862.40        5.10   1   0  11    0
     0.54720    41293.91    50155.43      919.32       -9.64   0   0  12    0
     0.60384   186296.98   178504.08     4735.07        1.65   1   0  13    0
     0.63839     1154.10      326.75      701.18        1.18   0   0  14    0   <- Dubious reflection
     0.69359    49268.64    56277.83     3338.47       -2.10   1   0  15    0
     0.72959    80218.49    81751.98      733.69       -2.09   0   0  16    0
     0.78367      431.79     2599.28      115.88      -18.70   1   0  17    0   <- Dubious reflection
     0.82079    39849.20    34164.43      421.86       13.48   0   0  18    0
     0.87398     4745.63     4720.31     1471.39        0.02   1   0  19    0   <- Dubious reflection
     0.91199    11550.44    20622.51     1718.67       -5.28   0   0  20    0   <- Dubious reflection
     0.96447    40359.13    19850.66     6931.94        2.96   1   0  21    0
     1.00319     1284.81       67.30      566.11        2.15   0   0  22    0   <- Dubious reflection
     1.05507    17280.37    12983.37     1904.95        2.26   1   0  23    0
     1.09439     7551.00     7077.37      911.27        0.52   0   0  24    0
     1.14577      343.24     1546.99      109.31      -11.01   1   0  25    0
     1.18559     7459.02     3553.97      912.15        4.28   0   0  26    0
     1.23654       32.65      293.09       75.13       -3.47   1   0  27    0
     1.27679     5214.67     5048.46      130.71        1.27   0   0  28    0
