 EuGa2Al2 on Bruker (X-ray, MoKa)
 Sinthet/lamb       Gobs        Gcal      Sigma     DIF/Sigma  h   k   l   iv        Additional information            
     0.09124     4118.84     3569.81      104.10        5.27   0   0   2    0
     0.12365      397.98      301.10      217.53        0.45   1   0   1    0   <- Dubious reflection
     0.17872    14619.83    15668.34      421.98       -2.48   1   0   3    0
     0.18248     1542.46      928.66      123.28        4.98   0   0   4    0
     0.25542    17002.21    18228.45     1293.34       -0.95   1   0   5    0
     0.27372      278.22      257.23       22.79        0.92   0   0   6    0
     0.33939     1646.80     1521.72      663.99        0.19   1   0   7    0   <- Dubious reflection
     0.36496    19061.07    18821.60      109.70        2.18   0   0   8    0
     0.42636       42.47        1.94       31.41        1.29   1   0   9    0
     0.45620     3522.33     3728.60       57.33       -3.60   0   0  10    0
     0.54744      888.60      885.47       43.65        0.07   0   0  12    0
     0.63868        9.63        2.95       40.21        0.17   0   0  14    0
     0.72992     3192.15     4171.63      124.07       -7.89   0   0  16    0
