 EuGa2Al2 on Bruker (X-ray, MoKa)
 Sinthet/lamb       Gobs        Gcal      Sigma     DIF/Sigma  h   k   l   iv        Additional information            
     0.09124     2596.81     5038.49     1230.06       -1.99   0   0   2    0   <- Dubious reflection
     0.12365      541.48      506.67      119.58        0.29   1   0   1    0   <- Dubious reflection
     0.17872    15920.58    16315.46      414.37       -0.95   1   0   3    0
     0.18248      923.58     1179.20      541.30       -0.47   0   0   4    0   <- Dubious reflection
     0.25542    23661.96    20362.01     2097.19        1.57   1   0   5    0
     0.27372      382.09      384.59        7.77       -0.32   0   0   6    0
     0.33939     3421.66     2530.77      600.19        1.48   1   0   7    0   <- Dubious reflection
     0.36496    31693.34    17996.77     1944.56        7.04   0   0   8    0
     0.42636       20.69       23.93        8.73       -0.37   1   0   9    0   <- Dubious reflection
     0.45620     5199.91     6062.40      323.71       -2.66   0   0  10    0
     0.51481     3243.67     2648.54      419.48        1.42   1   0  11    0
     0.54744     1308.41     1160.01      448.41        0.33   0   0  12    0   <- Dubious reflection
     0.60409     8059.95     7506.27     4337.23        0.13   1   0  13    0   <- Dubious reflection
     0.63868       45.94       30.03       10.98        1.45   0   0  14    0   <- Dubious reflection
     0.72992     6815.68     3381.83     2731.72        1.26   0   0  16    0   <- Dubious reflection
     0.82116     3648.60     3626.22       52.89        0.42   0   0  18    0
     0.91240      553.45     1148.81      474.67       -1.25   0   0  20    0   <- Dubious reflection
     1.00364       49.82       46.60       13.62        0.24   0   0  22    0   <- Dubious reflection
     1.09488      433.34      629.41       91.53       -2.14   0   0  24    0
