 EuGa2Al2 on Bruker (X-ray, MoKa)
 Sinthet/lamb       Gobs        Gcal      Sigma     DIF/Sigma  h   k   l   iv        Additional information            
     0.09124     5677.29     5757.27      106.78       -0.75   0   0   2    0
     0.12365      718.58      655.59       55.93        1.13   1   0   1    0
     0.17872    20787.19    20517.43      448.03        0.60   1   0   3    0
     0.18248     2174.79     1428.29      108.66        6.87   0   0   4    0
     0.25542    23571.58    23353.19      455.78        0.48   1   0   5    0
     0.27372      244.64      542.58       91.39       -3.26   0   0   6    0   <- Dubious reflection
     0.33939     2426.25     2260.39      237.09        0.70   1   0   7    0
     0.36496    22329.53    22161.66      536.80        0.31   0   0   8    0
     0.42636       74.27       27.02       92.34        0.51   1   0   9    0   <- Dubious reflection
     0.45620     3952.62     4856.71      224.94       -4.02   0   0  10    0
     0.54744     1002.50     1110.29      174.83       -0.62   0   0  12    0
     0.63868       50.57        5.62      149.97        0.30   0   0  14    0
     0.72992     3043.42     3844.38      372.11       -2.15   0   0  16    0
     0.82116     1616.62     1976.78      405.62       -0.89   0   0  18    0   <- Dubious reflection
