#18_run03_1aqq.txt
#Wed, Mar 15, 2023, 3:39 PM
#WL (nm), Int (cts)
674.996352,21.923333
675.091533,23.056667
675.186688,22.323333
675.281816,22.456667
675.376916,22.456667
675.471990,22.123333
675.567037,21.723333
675.662057,21.656667
675.757051,21.990000
675.852017,21.723333
675.946956,20.923333
676.041869,21.056667
676.136754,21.456667
676.231613,22.056667
676.326444,22.923333
676.421249,21.723333
676.516027,20.856667
676.610778,20.123333
676.705502,20.390000
676.800199,20.990000
676.894869,20.390000
676.989513,21.256667
677.084129,21.256667
677.178718,21.723333
677.273281,21.856667
677.367816,21.656667
677.462325,20.656667
677.556807,20.190000
677.651261,19.590000
677.745689,20.590000
677.840090,21.056667
677.934464,21.723333
678.028811,21.723333
678.123131,22.123333
678.217424,22.790000
678.311690,23.190000
678.405930,22.656667
678.500142,21.856667
678.594327,21.523333
678.688486,21.790000
678.782617,22.123333
678.876722,22.790000
678.970799,21.523333
679.064850,21.790000
679.158873,20.923333
679.252870,21.190000
679.346840,21.056667
679.440783,21.123333
679.534698,21.390000
679.628587,20.523333
679.722449,19.856667
679.816284,19.523333
679.910092,21.323333
680.003873,22.323333
680.097627,22.323333
680.191354,21.990000
680.285054,22.256667
680.378727,22.390000
680.472373,21.390000
680.565993,20.323333
680.659585,20.790000
680.753150,21.190000
680.846688,21.323333
680.940199,21.123333
681.033684,21.790000
681.127141,21.923333
681.220571,21.323333
681.313975,20.790000
681.407351,20.990000
681.500700,22.523333
681.594023,21.856667
681.687318,21.323333
681.780587,19.256667
681.873828,18.856667
681.967042,19.856667
682.060230,20.856667
682.153390,20.590000
682.246524,18.856667
682.339630,18.990000
682.432710,19.323333
682.525762,20.190000
682.618788,19.856667
682.711786,20.456667
682.804757,19.790000
682.897702,19.656667
682.990619,19.656667
683.083510,19.923333
683.176373,20.256667
683.269210,19.923333
683.362019,20.523333
683.454801,20.390000
683.547557,19.856667
683.640285,20.123333
683.732986,19.456667
683.825661,19.990000
683.918308,19.656667
684.010928,19.990000
684.103522,19.856667
684.196088,19.923333
684.288627,20.390000
684.381139,19.923333
684.473624,20.456667
684.566082,20.590000
684.658514,20.456667
684.750918,19.723333
684.843295,19.523333
684.935645,20.056667
685.027968,19.590000
685.120264,19.723333
685.212533,19.723333
685.304774,20.323333
685.396989,20.523333
685.489177,20.523333
685.581338,20.856667
685.673471,21.056667
685.765578,20.656667
685.857658,21.056667
685.949710,20.990000
686.041736,21.990000
686.133734,21.723333
686.225706,21.456667
686.317650,21.323333
686.409567,20.990000
686.501458,22.123333
686.593321,22.856667
686.685157,24.456667
686.776966,25.390000
686.868748,25.656667
686.960503,27.056667
687.052231,27.790000
687.143932,29.123333
687.235606,29.323333
687.327252,29.123333
687.418872,29.456667
687.510465,28.723333
687.602030,28.990000
687.693569,29.790000
687.785080,29.856667
687.876564,28.856667
687.968021,27.790000
688.059452,26.990000
688.150855,26.656667
688.242231,24.723333
688.333580,23.456667
688.424901,22.523333
688.516196,23.056667
688.607464,22.856667
688.698704,23.123333
688.789918,23.056667
688.881104,22.123333
688.972264,21.456667
689.063396,20.323333
689.154501,19.590000
689.245579,18.856667
689.336630,17.990000
689.427654,18.856667
689.518651,18.323333
689.609620,18.390000
689.700563,18.390000
689.791478,18.590000
689.882367,18.523333
689.973228,18.790000
690.064062,19.723333
690.154869,19.456667
690.245649,19.056667
690.336402,18.456667
690.427128,19.056667
690.517826,20.790000
690.608498,21.056667
690.699142,21.790000
690.789759,20.723333
690.880350,20.923333
690.970913,20.523333
691.061449,19.723333
691.151957,19.123333
691.242439,19.590000
691.332894,19.323333
691.423321,18.990000
691.513721,18.323333
691.604095,19.123333
691.694441,19.123333
691.784760,18.923333
691.875051,19.390000
691.965316,20.523333
692.055554,22.990000
692.145764,25.123333
692.235947,28.923333
692.326104,33.656667
692.416233,43.056667
692.506334,54.523333
692.596409,66.790000
692.686457,74.123333
692.776477,76.456667
692.866471,71.990000
692.956437,63.056667
693.046376,53.523333
693.136288,46.256667
693.226172,43.323333
693.316030,41.723333
693.405860,43.123333
693.495664,45.390000
693.585440,49.456667
693.675189,54.990000
693.764911,62.123333
693.854605,74.723333
693.944273,89.590000
694.033913,105.056667
694.123526,114.856667
694.213112,115.923333
694.302671,109.256667
694.392203,94.923333
694.481707,77.656667
694.571185,61.723333
694.660635,48.990000
694.750058,40.190000
694.839454,34.390000
694.928822,30.390000
695.018164,27.056667
695.107478,24.656667
695.196765,23.390000
695.286025,23.256667
695.375258,21.590000
695.464464,20.856667
695.553642,20.656667
695.642793,20.323333
695.731918,19.990000
695.821014,18.056667
695.910084,17.990000
695.999127,17.923333
696.088142,18.523333
696.177130,18.590000
696.266091,17.723333
696.355025,18.790000
696.443931,18.190000
696.532811,17.990000
696.621663,16.856667
696.710488,16.990000
696.799286,16.990000
696.888056,16.523333
696.976799,15.923333
697.065516,14.856667
697.154205,14.856667
697.242866,14.590000
697.331501,14.990000
697.420108,14.590000
697.508688,16.190000
697.597241,15.856667
697.685767,16.123333
697.774265,14.856667
697.862737,15.723333
697.951181,15.923333
698.039598,16.390000
698.127987,15.656667
698.216350,15.190000
698.304685,14.190000
698.392993,14.190000
698.481274,15.390000
698.569527,15.590000
698.657753,16.523333
698.745953,15.723333
698.834124,15.456667
698.922269,14.590000
699.010386,14.523333
699.098477,13.856667
699.186539,13.790000
699.274575,13.456667
699.362584,14.723333
699.450565,15.456667
699.538519,16.523333
699.626445,16.523333
699.714345,15.590000
699.802217,14.923333
699.890062,14.390000
699.977880,14.923333
700.065671,14.256667
700.153434,14.190000
700.241170,13.190000
700.328879,13.190000
700.416560,12.523333
700.504214,13.456667
700.591841,13.256667
700.679441,13.590000
700.767014,13.456667
700.854559,14.256667
700.942077,14.656667
701.029568,14.790000
701.117031,15.390000
701.204467,16.190000
701.291876,16.856667
701.379258,15.990000
701.466612,15.923333
701.553939,16.056667
701.641239,16.323333
701.728512,16.856667
701.815757,15.856667
701.902975,15.923333
701.990166,15.123333
702.077330,15.523333
702.164466,15.456667
702.251575,15.390000
702.338657,14.923333
702.425711,15.123333
702.512738,15.590000
702.599738,16.190000
702.686710,16.656667
702.773656,16.456667
702.860574,15.923333
702.947464,14.123333
703.034328,14.190000
703.121164,14.723333
703.207973,16.256667
703.294754,16.723333
703.381509,17.323333
703.468235,17.256667
703.554935,17.123333
703.641607,16.856667
703.728253,16.656667
703.814870,16.656667
703.901461,17.190000
703.988024,18.256667
704.074560,18.990000
704.161068,18.790000
704.247549,19.123333
704.334003,19.123333
704.420430,20.123333
704.506829,20.256667
704.593201,20.190000
704.679546,20.456667
704.765863,20.390000
704.852153,20.256667
704.938416,19.790000
705.024652,19.590000
705.110860,20.856667
705.197040,21.856667
705.283194,23.190000
705.369320,23.056667
705.455419,24.323333
705.541490,24.390000
705.627534,26.190000
705.713551,26.923333
705.799541,28.323333
705.885503,29.723333
705.971438,31.523333
706.057345,34.256667
706.143225,34.056667
706.229078,34.790000
706.314904,35.656667
706.400702,38.856667
706.486473,40.856667
706.572216,43.056667
706.657932,45.056667
706.743621,46.456667
706.829282,48.923333
706.914917,50.323333
707.000523,51.523333
707.086103,49.656667
707.171655,48.256667
707.257179,46.856667
707.342677,45.456667
707.428147,43.456667
707.513589,41.390000
707.599005,38.656667
707.684393,35.456667
707.769753,33.523333
707.855086,31.190000
707.940392,30.990000
708.025671,28.523333
708.110922,28.856667
708.196146,28.256667
708.281342,29.856667
708.366511,31.523333
708.451653,34.656667
708.536767,39.990000
708.621854,47.256667
708.706913,53.590000
708.791946,57.923333
708.876950,59.656667
708.961928,61.590000
709.046878,62.056667
709.131800,62.456667
709.216696,60.390000
709.301564,54.656667
709.386404,47.323333
709.471217,40.523333
709.556003,35.790000
709.640761,30.456667
709.725492,26.323333
709.810196,23.056667
709.894872,21.990000
709.979521,20.856667
710.064142,21.190000
710.148736,20.723333
710.233303,19.056667
710.317842,17.790000
710.402354,17.856667
710.486838,19.590000
710.571295,19.456667
710.655725,19.123333
710.740127,18.456667
710.824502,18.923333
710.908849,18.456667
710.993169,18.723333
711.077462,18.056667
711.161727,19.523333
711.245965,20.390000
711.330175,23.323333
711.414358,25.590000
711.498514,28.390000
711.582642,31.456667
711.666743,35.456667
711.750816,39.323333
711.834862,42.990000
711.918880,45.056667
712.002871,47.656667
712.086835,49.190000
712.170771,51.590000
712.254680,52.523333
712.338561,52.323333
712.422415,49.856667
712.506241,47.190000
712.590040,44.923333
712.673812,42.723333
712.757556,40.723333
712.841273,37.323333
712.924962,34.323333
713.008624,29.923333
713.092258,26.456667
713.175865,23.123333
713.259445,20.590000
713.342997,19.256667
713.426522,18.523333
713.510019,17.323333
713.593489,16.990000
713.676931,16.390000
713.760346,16.923333
713.843733,15.856667
713.927093,15.190000
714.010426,14.456667
714.093731,14.723333
714.177008,14.123333
714.260258,13.856667
714.343481,14.123333
714.426676,13.856667
714.509844,14.056667
714.592984,12.856667
714.676097,13.056667
714.759183,12.790000
714.842240,12.656667
714.925271,13.323333
715.008274,14.056667
715.091249,14.590000
715.174197,13.990000
715.257118,12.990000
715.340011,12.390000
715.422877,11.790000
715.505715,12.656667
715.588525,13.656667
715.671309,13.523333
715.754064,12.990000
715.836793,12.323333
715.919493,13.390000
716.002167,12.523333
716.084812,11.923333
716.167431,10.856667
716.250021,11.856667
716.332585,12.323333
716.415121,12.456667
716.497629,12.056667
716.580110,11.923333
716.662563,11.723333
716.744989,11.723333
716.827387,11.990000
716.909758,11.990000
716.992102,11.990000
717.074417,11.456667
717.156706,11.190000
717.238967,10.856667
717.321200,10.590000
717.403406,10.856667
717.485584,10.723333
717.567735,11.456667
717.649858,11.323333
717.731954,11.656667
717.814023,10.323333
717.896063,10.590000
717.978077,9.923333
718.060062,9.856667
718.142021,9.190000
718.223951,9.656667
718.305855,9.923333
718.387730,10.723333
718.469579,10.656667
718.551399,11.523333
718.633192,11.523333
718.714958,11.590000
718.796696,10.790000
718.878407,10.723333
718.960090,11.256667
719.041745,11.456667
719.123373,11.723333
719.204974,10.723333
719.286546,10.190000
719.368092,10.056667
719.449610,9.856667
719.531100,10.456667
719.612563,10.123333
719.693998,9.523333
719.775406,8.856667
719.856786,8.990000
719.938138,10.123333
720.019463,9.923333
720.100761,9.523333
720.182031,9.790000
720.263273,10.723333
720.344488,11.056667
720.425675,10.456667
720.506835,10.323333
720.587967,10.056667
720.669072,9.390000
720.750149,8.190000
720.831199,8.590000
720.912220,9.723333
720.993215,10.390000
721.074182,10.056667
721.155121,9.123333
721.236033,9.590000
721.316917,9.456667
721.397773,9.856667
721.478602,9.990000
721.559404,10.190000
721.640178,10.523333
721.720924,10.123333
721.801643,10.056667
721.882334,9.123333
721.962998,9.390000
722.043634,8.723333
722.124242,9.123333
722.204823,9.390000
722.285376,9.056667
722.365902,8.923333
722.446400,8.390000
722.526870,8.990000
722.607313,8.790000
722.687729,9.123333
722.768116,8.990000
722.848477,9.523333
722.928809,9.323333
723.009114,10.256667
723.089391,9.923333
723.169641,9.656667
723.249863,8.790000
723.330058,9.190000
723.410225,9.256667
723.490364,9.256667
723.570476,9.190000
723.650560,8.390000
723.730617,8.123333
723.810646,8.056667
723.890647,9.190000
723.970621,9.456667
724.050567,9.523333
724.130486,9.523333
724.210377,9.456667
724.290240,9.256667
724.370076,8.390000
724.449884,8.390000
724.529665,8.190000
724.609417,9.123333
724.689143,9.056667
724.768840,9.323333
724.848510,8.923333
724.928153,8.723333
725.007767,8.590000
725.087355,8.790000
725.166914,9.656667
725.246446,10.256667
725.325950,9.590000
725.405427,9.056667
725.484876,8.923333
725.564297,9.323333
725.643691,9.656667
725.723057,8.390000
725.802396,8.256667
725.881706,7.123333
725.960990,8.256667
726.040245,7.990000
726.119473,8.923333
726.198673,8.456667
726.277846,9.456667
726.356991,9.656667
726.436108,9.456667
726.515198,9.123333
726.594260,8.590000
726.673294,8.323333
726.752301,8.323333
726.831280,8.256667
726.910231,8.256667
726.989155,7.656667
727.068051,7.590000
727.146920,8.456667
727.225761,7.990000
727.304574,8.523333
727.383359,8.856667
727.462117,9.923333
727.540847,9.723333
727.619550,9.056667
727.698224,8.856667
727.776871,8.723333
727.855491,9.056667
727.934083,9.723333
728.012647,9.656667
728.091183,9.523333
728.169692,8.923333
728.248173,8.456667
728.326627,7.590000
728.405052,7.723333
728.483450,8.190000
728.561821,8.856667
728.640163,8.923333
728.718479,9.323333
728.796766,9.790000
728.875025,9.456667
728.953257,9.590000
729.031462,9.723333
729.109638,9.190000
729.187787,7.856667
729.265908,7.523333
729.344002,7.523333
729.422068,7.990000
729.500106,7.923333
729.578116,7.923333
729.656099,8.256667
729.734054,7.390000
729.811981,7.123333
729.889881,6.523333
729.967753,6.390000
730.045597,6.190000
730.123414,6.990000
730.201202,7.190000
730.278963,7.656667
730.356697,7.190000
730.434402,7.123333
730.512080,7.056667
730.589731,7.323333
730.667353,7.256667
730.744948,7.523333
730.822515,6.923333
730.900054,6.523333
730.977566,6.123333
731.055050,6.723333
731.132506,7.723333
731.209935,8.390000
731.287335,8.123333
731.364708,7.523333
731.442054,7.523333
731.519371,7.856667
731.596661,8.923333
731.673923,8.323333
731.751158,7.723333
731.828364,7.256667
731.905543,7.390000
731.982694,7.723333
732.059818,7.390000
732.136913,8.056667
732.213981,7.323333
732.291022,8.256667
732.368034,8.256667
732.445019,8.656667
732.521976,7.590000
732.598905,7.256667
732.675806,7.790000
732.752680,7.856667
732.829526,7.323333
732.906344,7.256667
732.983135,7.523333
733.059898,6.990000
733.136633,6.456667
733.213340,5.590000
733.290019,6.456667
733.366671,6.056667
733.443295,7.456667
733.519891,7.123333
733.596459,7.523333
733.673000,6.656667
733.749513,6.190000
733.825998,5.923333
733.902455,5.523333
733.978885,6.390000
734.055287,6.523333
734.131661,6.590000
734.208007,5.656667
734.284326,5.456667
734.360616,4.990000
734.436879,4.990000
734.513114,5.123333
734.589322,6.256667
734.665501,6.723333
734.741653,6.323333
734.817777,6.590000
734.893873,6.390000
734.969942,7.190000
735.045982,6.790000
735.121995,7.390000
735.197980,7.656667
735.273938,8.190000
735.349867,7.390000
735.425769,6.923333
735.501643,5.856667
735.577489,6.990000
735.653307,6.856667
735.729098,7.056667
735.804860,6.856667
735.880595,7.256667
735.956302,7.256667
736.031982,5.856667
736.107633,5.523333
736.183257,5.123333
736.258853,6.523333
736.334421,6.590000
736.409961,7.123333
736.485474,6.990000
736.560958,6.856667
736.636415,6.456667
736.711844,6.056667
736.787245,5.256667
736.862619,5.456667
736.937964,5.723333
737.013282,5.923333
737.088572,6.256667
737.163834,5.856667
737.239068,6.390000
737.314275,6.190000
737.389453,6.256667
737.464604,6.523333
737.539727,6.656667
737.614822,6.123333
737.689890,6.123333
737.764929,5.990000
737.839941,6.656667
737.914925,6.523333
737.989881,5.856667
738.064809,5.856667
738.139709,6.056667
738.214581,6.990000
738.289426,6.456667
738.364243,6.123333
738.439032,6.323333
738.513793,6.923333
738.588526,6.790000
738.663231,6.390000
738.737909,5.856667
738.812559,5.723333
738.887180,4.923333
738.961774,5.190000
739.036340,5.323333
739.110879,5.256667
739.185389,6.056667
739.259872,6.590000
739.334326,7.256667
739.408753,6.523333
739.483152,6.990000
739.557523,6.723333
739.631866,6.123333
739.706182,5.523333
739.780469,5.990000
739.854729,6.123333
739.928961,6.256667
740.003165,6.256667
740.077341,6.256667
740.151489,5.590000
740.225609,5.123333
740.299701,5.390000
740.373766,6.056667
740.447802,7.123333
740.521811,7.523333
740.595792,6.923333
740.669745,5.723333
740.743670,5.656667
740.817567,6.790000
740.891437,6.190000
740.965278,6.123333
741.039092,5.456667
741.112877,6.723333
741.186635,6.590000
741.260365,6.123333
741.334067,5.790000
741.407741,4.990000
741.481387,5.123333
741.555006,5.323333
741.628596,6.123333
741.702159,5.723333
741.775693,6.056667
741.849200,6.056667
741.922679,6.856667
741.996130,6.390000
742.069552,5.923333
742.142948,5.856667
742.216315,6.056667
742.289654,7.390000
742.362965,6.923333
742.436249,7.256667
742.509504,6.256667
742.582732,7.323333
742.655932,6.523333
742.729103,6.923333
742.802247,6.190000
742.875363,6.456667
742.948451,5.590000
743.021511,5.590000
743.094543,5.456667
743.167548,6.323333
743.240524,6.523333
743.313472,6.256667
743.386393,6.256667
743.459285,5.590000
743.532150,5.790000
743.604986,5.523333
743.677795,5.856667
743.750576,5.123333
743.823329,5.056667
743.896054,4.256667
743.968751,5.390000
744.041420,5.590000
744.114061,6.123333
744.186674,6.390000
744.259259,6.123333
744.331816,6.323333
744.404346,5.523333
744.476847,5.323333
744.549320,4.523333
744.621766,5.123333
744.694183,5.056667
744.766573,5.656667
744.838934,5.190000
744.911268,5.723333
744.983574,5.923333
745.055851,5.790000
745.128101,4.456667
745.200323,4.856667
745.272517,5.656667
745.344683,6.590000
745.416820,6.256667
745.488930,6.256667
745.561012,6.656667
745.633066,6.590000
745.705092,5.856667
745.777090,5.856667
745.849061,5.190000
745.921003,5.056667
745.992917,4.856667
746.064803,6.056667
746.136661,6.256667
746.208491,6.790000
746.280294,5.723333
746.352068,5.656667
746.423814,5.056667
746.495532,5.590000
746.567223,5.923333
746.638885,5.990000
746.710519,5.723333
746.782126,4.856667
746.853704,4.590000
746.925254,4.723333
746.996777,5.323333
747.068271,5.456667
747.139737,5.523333
747.211176,5.190000
747.282586,5.256667
747.353968,5.590000
747.425323,6.123333
747.496649,5.456667
747.567947,4.990000
747.639218,4.656667
747.710460,4.723333
747.781675,4.456667
747.852861,4.590000
747.924019,4.590000
747.995149,4.790000
748.066252,4.723333
748.137326,5.123333
748.208372,5.723333
748.279391,5.656667
748.350381,5.523333
748.421343,4.790000
748.492277,4.656667
748.563183,4.323333
748.634062,4.923333
748.704912,5.123333
748.775734,5.256667
748.846528,5.523333
748.917294,5.723333
748.988032,6.323333
749.058742,5.723333
749.129424,5.390000
749.200078,4.990000
749.270704,4.723333
749.341302,4.456667
749.411872,4.123333
749.482413,4.656667
749.552927,4.656667
749.623413,5.790000
749.693871,5.523333
749.764300,5.790000
749.834702,5.123333
749.905075,4.923333
