#19_run03_1aqq.txt
#Wed, Mar 15, 2023, 3:41 PM
#WL (nm), Int (cts)
674.996352,15.833333
675.091533,15.900000
675.186688,16.100000
675.281816,15.300000
675.376916,16.300000
675.471990,15.633333
675.567037,16.700000
675.662057,15.300000
675.757051,15.833333
675.852017,15.433333
675.946956,15.700000
676.041869,15.766667
676.136754,15.100000
676.231613,15.366667
676.326444,15.166667
676.421249,15.166667
676.516027,14.633333
676.610778,15.500000
676.705502,15.766667
676.800199,16.033333
676.894869,15.566667
676.989513,15.766667
677.084129,15.966667
677.178718,15.833333
677.273281,16.166667
677.367816,15.833333
677.462325,16.366667
677.556807,15.900000
677.651261,15.700000
677.745689,14.366667
677.840090,14.500000
677.934464,14.500000
678.028811,15.100000
678.123131,14.633333
678.217424,14.833333
678.311690,15.833333
678.405930,15.433333
678.500142,15.433333
678.594327,14.033333
678.688486,14.766667
678.782617,14.633333
678.876722,16.033333
678.970799,15.433333
679.064850,16.033333
679.158873,15.166667
679.252870,15.633333
679.346840,15.966667
679.440783,15.766667
679.534698,15.766667
679.628587,15.233333
679.722449,15.300000
679.816284,15.433333
679.910092,15.566667
680.003873,15.366667
680.097627,16.100000
680.191354,15.700000
680.285054,16.100000
680.378727,14.300000
680.472373,14.900000
680.565993,15.033333
680.659585,16.433333
680.753150,16.300000
680.846688,16.433333
680.940199,17.033333
681.033684,16.300000
681.127141,15.766667
681.220571,14.366667
681.313975,15.366667
681.407351,15.633333
681.500700,16.833333
681.594023,16.166667
681.687318,15.500000
681.780587,14.166667
681.873828,14.633333
681.967042,17.633333
682.060230,18.500000
682.153390,17.633333
682.246524,14.700000
682.339630,14.500000
682.432710,14.766667
682.525762,15.900000
682.618788,15.300000
682.711786,15.033333
682.804757,13.700000
682.897702,14.300000
682.990619,14.500000
683.083510,15.233333
683.176373,14.633333
683.269210,13.900000
683.362019,13.633333
683.454801,12.966667
683.547557,13.833333
683.640285,14.033333
683.732986,14.766667
683.825661,14.366667
683.918308,14.500000
684.010928,14.366667
684.103522,14.366667
684.196088,14.033333
684.288627,14.366667
684.381139,14.966667
684.473624,14.100000
684.566082,14.233333
684.658514,13.833333
684.750918,15.633333
684.843295,15.100000
684.935645,15.033333
685.027968,13.633333
685.120264,14.766667
685.212533,15.100000
685.304774,15.500000
685.396989,14.900000
685.489177,14.700000
685.581338,15.166667
685.673471,14.366667
685.765578,14.900000
685.857658,14.633333
685.949710,16.033333
686.041736,15.433333
686.133734,16.233333
686.225706,15.900000
686.317650,16.433333
686.409567,16.500000
686.501458,16.300000
686.593321,17.166667
686.685157,17.700000
686.776966,19.500000
686.868748,20.100000
686.960503,21.566667
687.052231,21.566667
687.143932,23.233333
687.235606,23.233333
687.327252,24.566667
687.418872,24.766667
687.510465,24.833333
687.602030,24.900000
687.693569,23.566667
687.785080,23.500000
687.876564,22.766667
687.968021,23.033333
688.059452,23.100000
688.150855,23.033333
688.242231,21.366667
688.333580,19.966667
688.424901,18.166667
688.516196,18.366667
688.607464,18.433333
688.698704,18.100000
688.789918,17.166667
688.881104,15.700000
688.972264,15.166667
689.063396,15.366667
689.154501,15.566667
689.245579,15.700000
689.336630,14.900000
689.427654,13.833333
689.518651,13.833333
689.609620,14.100000
689.700563,15.300000
689.791478,15.300000
689.882367,15.166667
689.973228,14.766667
690.064062,14.033333
690.154869,14.033333
690.245649,14.100000
690.336402,16.166667
690.427128,17.633333
690.517826,18.166667
690.608498,17.366667
690.699142,17.633333
690.789759,18.966667
690.880350,19.366667
690.970913,19.300000
691.061449,18.100000
691.151957,18.100000
691.242439,17.766667
691.332894,18.433333
691.423321,18.433333
691.513721,19.033333
691.604095,19.900000
691.694441,22.366667
691.784760,25.566667
691.875051,30.033333
691.965316,37.833333
692.055554,50.700000
692.145764,70.700000
692.235947,94.166667
692.326104,113.833333
692.416233,124.433333
692.506334,122.766667
692.596409,112.633333
692.686457,96.233333
692.776477,79.633333
692.866471,65.900000
692.956437,58.166667
693.046376,54.366667
693.136288,55.500000
693.226172,59.100000
693.316030,68.166667
693.405860,80.500000
693.495664,102.233333
693.585440,129.966667
693.675189,165.100000
693.764911,197.433333
693.854605,219.366667
693.944273,221.633333
694.033913,203.300000
694.123526,169.633333
694.213112,133.300000
694.302671,100.700000
694.392203,78.566667
694.481707,62.300000
694.571185,50.433333
694.660635,41.766667
694.750058,36.300000
694.839454,33.700000
694.928822,30.566667
695.018164,27.033333
695.107478,24.833333
695.196765,24.033333
695.286025,22.833333
695.375258,22.433333
695.464464,21.366667
695.553642,21.166667
695.642793,19.433333
695.731918,18.233333
695.821014,18.033333
695.910084,16.833333
695.999127,16.633333
696.088142,15.566667
696.177130,15.766667
696.266091,14.966667
696.355025,15.033333
696.443931,15.166667
696.532811,15.566667
696.621663,15.833333
696.710488,14.300000
696.799286,14.633333
696.888056,13.566667
696.976799,15.433333
697.065516,14.366667
697.154205,14.700000
697.242866,13.366667
697.331501,14.300000
697.420108,14.633333
697.508688,15.700000
697.597241,15.433333
697.685767,14.633333
697.774265,14.300000
697.862737,13.566667
697.951181,14.700000
698.039598,14.566667
698.127987,14.300000
698.216350,13.166667
698.304685,13.100000
698.392993,12.633333
698.481274,12.633333
698.569527,12.300000
698.657753,13.766667
698.745953,13.566667
698.834124,13.633333
698.922269,13.500000
699.010386,14.300000
699.098477,14.700000
699.186539,13.900000
699.274575,14.233333
699.362584,13.966667
699.450565,14.700000
699.538519,13.500000
699.626445,12.833333
699.714345,11.966667
699.802217,12.166667
699.890062,12.833333
699.977880,12.766667
700.065671,12.833333
700.153434,11.966667
700.241170,11.833333
700.328879,10.633333
700.416560,11.300000
700.504214,11.566667
700.591841,12.900000
700.679441,12.833333
700.767014,13.566667
700.854559,14.566667
700.942077,15.100000
701.029568,16.100000
701.117031,15.500000
701.204467,15.633333
701.291876,15.166667
701.379258,16.100000
701.466612,15.766667
701.553939,15.233333
701.641239,13.700000
701.728512,13.500000
701.815757,12.033333
701.902975,12.166667
701.990166,12.100000
702.077330,13.033333
702.164466,13.633333
702.251575,12.966667
702.338657,13.433333
702.425711,12.700000
702.512738,13.900000
702.599738,13.366667
702.686710,13.966667
702.773656,13.500000
702.860574,13.300000
702.947464,12.766667
703.034328,13.433333
703.121164,14.833333
703.207973,15.166667
703.294754,14.966667
703.381509,13.766667
703.468235,14.300000
703.554935,13.833333
703.641607,15.233333
703.728253,14.766667
703.814870,16.300000
703.901461,16.566667
703.988024,17.500000
704.074560,17.566667
704.161068,17.766667
704.247549,18.233333
704.334003,18.500000
704.420430,18.966667
704.506829,19.433333
704.593201,19.833333
704.679546,20.566667
704.765863,20.566667
704.852153,20.100000
704.938416,19.233333
705.024652,19.833333
705.110860,19.433333
705.197040,20.366667
705.283194,20.966667
705.369320,22.300000
705.455419,22.033333
705.541490,22.900000
705.627534,23.633333
705.713551,24.900000
705.799541,25.566667
705.885503,27.100000
705.971438,29.166667
706.057345,30.833333
706.143225,33.166667
706.229078,35.100000
706.314904,37.300000
706.400702,38.966667
706.486473,40.433333
706.572216,40.966667
706.657932,43.300000
706.743621,45.100000
706.829282,47.766667
706.914917,48.100000
707.000523,48.833333
707.086103,48.500000
707.171655,47.433333
707.257179,45.633333
707.342677,43.433333
707.428147,41.500000
707.513589,38.900000
707.599005,36.300000
707.684393,33.633333
707.769753,31.566667
707.855086,29.633333
707.940392,28.900000
708.025671,28.633333
708.110922,29.233333
708.196146,28.166667
708.281342,28.366667
708.366511,30.700000
708.451653,35.300000
708.536767,39.500000
708.621854,44.033333
708.706913,49.700000
708.791946,54.833333
708.876950,58.633333
708.961928,59.766667
709.046878,60.966667
709.131800,60.166667
709.216696,57.566667
709.301564,51.833333
709.386404,45.166667
709.471217,39.033333
709.556003,33.366667
709.640761,28.433333
709.725492,24.433333
709.810196,22.300000
709.894872,19.833333
709.979521,19.500000
710.064142,17.966667
710.148736,17.433333
710.233303,15.300000
710.317842,14.900000
710.402354,15.300000
710.486838,16.300000
710.571295,17.166667
710.655725,17.366667
710.740127,17.433333
710.824502,17.766667
710.908849,18.100000
710.993169,18.700000
711.077462,18.966667
711.161727,19.633333
711.245965,20.833333
711.330175,22.366667
711.414358,24.566667
711.498514,27.100000
711.582642,29.966667
711.666743,33.566667
711.750816,37.766667
711.834862,41.233333
711.918880,44.166667
712.002871,46.366667
712.086835,48.633333
712.170771,50.233333
712.254680,49.500000
712.338561,50.700000
712.422415,49.566667
712.506241,48.433333
712.590040,44.766667
712.673812,42.433333
712.757556,40.566667
712.841273,38.166667
712.924962,35.366667
713.008624,30.566667
713.092258,27.166667
713.175865,23.100000
713.259445,21.900000
713.342997,19.566667
713.426522,18.433333
713.510019,16.566667
713.593489,16.566667
713.676931,16.500000
713.760346,16.433333
713.843733,16.233333
713.927093,15.366667
714.010426,15.566667
714.093731,14.433333
714.177008,14.166667
714.260258,13.700000
714.343481,14.433333
714.426676,14.566667
714.509844,14.300000
714.592984,13.033333
714.676097,12.566667
714.759183,13.166667
714.842240,13.100000
714.925271,13.300000
715.008274,11.433333
715.091249,11.700000
715.174197,11.233333
715.257118,11.766667
715.340011,10.300000
715.422877,10.433333
715.505715,11.033333
715.588525,12.300000
715.671309,12.433333
715.754064,12.433333
715.836793,12.766667
715.919493,11.833333
716.002167,11.433333
716.084812,10.833333
716.167431,11.700000
716.250021,11.500000
716.332585,12.033333
716.415121,12.166667
716.497629,12.300000
716.580110,11.700000
716.662563,11.900000
716.744989,12.033333
716.827387,11.966667
716.909758,11.633333
716.992102,11.500000
717.074417,11.433333
717.156706,10.633333
717.238967,10.700000
717.321200,9.566667
717.403406,10.300000
717.485584,9.500000
717.567735,10.766667
717.649858,10.766667
717.731954,10.833333
717.814023,9.900000
717.896063,9.300000
717.978077,8.900000
718.060062,9.766667
718.142021,9.833333
718.223951,9.900000
718.305855,9.166667
718.387730,9.033333
718.469579,9.500000
718.551399,10.033333
718.633192,10.166667
718.714958,10.033333
718.796696,9.900000
718.878407,10.500000
718.960090,10.300000
719.041745,10.033333
719.123373,9.833333
719.204974,10.366667
719.286546,10.300000
719.368092,9.966667
719.449610,9.366667
719.531100,10.033333
719.612563,10.300000
719.693998,10.500000
719.775406,10.500000
719.856786,9.500000
719.938138,9.300000
720.019463,9.033333
720.100761,9.966667
720.182031,9.833333
720.263273,8.900000
720.344488,7.833333
720.425675,8.300000
720.506835,8.366667
720.587967,8.833333
720.669072,8.633333
720.750149,9.366667
720.831199,9.500000
720.912220,9.166667
720.993215,9.433333
721.074182,9.566667
721.155121,10.033333
721.236033,8.700000
721.316917,9.233333
721.397773,8.966667
721.478602,9.700000
721.559404,8.766667
721.640178,8.833333
721.720924,9.300000
721.801643,8.700000
721.882334,8.100000
721.962998,7.366667
722.043634,7.766667
722.124242,7.566667
722.204823,8.100000
722.285376,7.433333
722.365902,8.300000
722.446400,7.566667
722.526870,7.833333
722.607313,7.700000
722.687729,7.833333
722.768116,8.433333
722.848477,7.900000
722.928809,8.100000
723.009114,7.233333
723.089391,7.566667
723.169641,7.166667
723.249863,8.633333
723.330058,8.033333
723.410225,8.233333
723.490364,7.100000
723.570476,6.766667
723.650560,6.500000
723.730617,6.166667
723.810646,7.033333
723.890647,7.833333
723.970621,9.100000
724.050567,8.033333
724.130486,7.566667
724.210377,6.233333
724.290240,7.900000
724.370076,8.233333
724.449884,8.366667
724.529665,7.100000
724.609417,6.900000
724.689143,7.300000
724.768840,7.766667
724.848510,7.500000
724.928153,7.700000
725.007767,7.633333
725.087355,7.900000
725.166914,7.766667
725.246446,7.433333
725.325950,7.433333
725.405427,7.100000
725.484876,7.766667
725.564297,8.300000
725.643691,8.966667
725.723057,8.633333
725.802396,7.766667
725.881706,6.633333
725.960990,6.766667
726.040245,7.100000
726.119473,7.366667
726.198673,7.900000
726.277846,7.700000
726.356991,8.433333
726.436108,7.433333
726.515198,7.633333
726.594260,6.433333
726.673294,7.366667
726.752301,7.366667
726.831280,7.700000
726.910231,6.766667
726.989155,6.100000
727.068051,7.233333
727.146920,7.833333
727.225761,7.966667
727.304574,7.233333
727.383359,7.500000
727.462117,7.366667
727.540847,7.233333
727.619550,6.700000
727.698224,7.633333
727.776871,7.366667
727.855491,7.033333
727.934083,6.166667
728.012647,6.766667
728.091183,7.166667
728.169692,7.100000
728.248173,7.366667
728.326627,7.166667
728.405052,7.366667
728.483450,6.766667
728.561821,6.766667
728.640163,7.166667
728.718479,7.166667
728.796766,6.966667
728.875025,6.233333
728.953257,6.100000
729.031462,6.100000
729.109638,6.900000
729.187787,7.300000
729.265908,7.633333
729.344002,7.100000
729.422068,6.566667
729.500106,6.566667
729.578116,6.900000
729.656099,7.500000
729.734054,7.366667
729.811981,7.633333
729.889881,6.966667
729.967753,7.100000
730.045597,5.633333
730.123414,5.433333
730.201202,4.966667
730.278963,5.566667
730.356697,5.366667
730.434402,6.500000
730.512080,6.766667
730.589731,6.833333
730.667353,6.500000
730.744948,6.366667
730.822515,6.233333
730.900054,5.233333
730.977566,5.366667
731.055050,6.033333
731.132506,6.300000
731.209935,5.966667
731.287335,6.300000
731.364708,6.166667
731.442054,6.966667
731.519371,6.366667
731.596661,6.033333
731.673923,4.900000
731.751158,5.300000
731.828364,5.966667
731.905543,5.366667
731.982694,5.500000
732.059818,4.633333
732.136913,6.500000
732.213981,5.633333
732.291022,6.433333
732.368034,5.566667
732.445019,6.366667
732.521976,5.500000
732.598905,5.766667
732.675806,5.566667
732.752680,6.233333
732.829526,6.433333
732.906344,6.233333
732.983135,6.700000
733.059898,5.566667
733.136633,5.100000
733.213340,4.766667
733.290019,5.366667
733.366671,6.300000
733.443295,6.833333
733.519891,6.766667
733.596459,6.500000
733.673000,5.900000
733.749513,6.166667
733.825998,6.366667
733.902455,6.166667
733.978885,5.900000
734.055287,4.566667
734.131661,5.300000
734.208007,5.566667
734.284326,6.433333
734.360616,5.833333
734.436879,5.166667
734.513114,4.633333
734.589322,4.900000
734.665501,5.700000
734.741653,5.433333
734.817777,5.300000
734.893873,4.500000
734.969942,5.633333
735.045982,4.900000
735.121995,4.833333
735.197980,4.233333
735.273938,4.833333
735.349867,4.566667
735.425769,4.233333
735.501643,4.300000
735.577489,6.033333
735.653307,7.166667
735.729098,7.033333
735.804860,6.766667
735.880595,6.100000
735.956302,6.500000
736.031982,5.366667
736.107633,5.766667
736.183257,5.433333
736.258853,5.700000
736.334421,5.100000
736.409961,4.700000
736.485474,5.300000
736.560958,5.500000
736.636415,6.233333
736.711844,5.433333
736.787245,5.900000
736.862619,5.500000
736.937964,6.166667
737.013282,5.500000
737.088572,5.366667
737.163834,4.900000
737.239068,4.966667
737.314275,5.166667
737.389453,4.833333
737.464604,4.966667
737.539727,5.366667
737.614822,5.566667
737.689890,5.500000
737.764929,4.766667
737.839941,4.633333
737.914925,4.900000
737.989881,5.033333
738.064809,6.033333
738.139709,5.633333
738.214581,4.966667
738.289426,4.233333
738.364243,4.500000
738.439032,5.433333
738.513793,4.100000
738.588526,3.900000
738.663231,3.633333
738.737909,4.633333
738.812559,4.833333
738.887180,4.100000
738.961774,4.233333
739.036340,3.966667
739.110879,4.433333
739.185389,4.766667
739.259872,5.233333
739.334326,4.566667
739.408753,4.966667
739.483152,4.900000
739.557523,5.700000
739.631866,4.433333
739.706182,4.300000
739.780469,4.833333
739.854729,5.766667
739.928961,5.966667
740.003165,5.366667
740.077341,5.033333
740.151489,4.500000
740.225609,4.566667
740.299701,4.833333
740.373766,5.900000
740.447802,6.100000
740.521811,6.633333
740.595792,5.366667
740.669745,6.033333
740.743670,5.766667
740.817567,6.033333
740.891437,5.166667
740.965278,4.900000
741.039092,5.233333
741.112877,4.366667
741.186635,4.033333
741.260365,3.033333
741.334067,3.833333
741.407741,3.166667
741.481387,4.100000
741.555006,4.300000
741.628596,5.566667
741.702159,5.366667
741.775693,5.633333
741.849200,5.900000
741.922679,6.166667
741.996130,6.300000
742.069552,5.633333
742.142948,6.233333
742.216315,5.366667
742.289654,5.833333
742.362965,4.833333
742.436249,6.233333
742.509504,6.166667
742.582732,6.833333
742.655932,6.900000
742.729103,6.700000
742.802247,6.900000
742.875363,5.500000
742.948451,5.700000
743.021511,4.566667
743.094543,5.766667
743.167548,5.233333
743.240524,6.366667
743.313472,6.300000
743.386393,6.233333
743.459285,4.900000
743.532150,3.966667
743.604986,3.966667
743.677795,3.766667
743.750576,4.100000
743.823329,3.833333
743.896054,5.233333
743.968751,5.100000
744.041420,5.166667
744.114061,4.366667
744.186674,4.300000
744.259259,4.433333
744.331816,4.966667
744.404346,4.500000
744.476847,4.900000
744.549320,5.033333
744.621766,4.700000
744.694183,4.833333
744.766573,3.966667
744.838934,5.433333
744.911268,4.833333
744.983574,6.233333
745.055851,5.433333
745.128101,5.500000
745.200323,4.833333
745.272517,4.833333
745.344683,4.766667
745.416820,4.366667
745.488930,4.166667
745.561012,4.766667
745.633066,5.500000
745.705092,5.833333
745.777090,5.633333
745.849061,4.966667
745.921003,5.433333
745.992917,5.166667
746.064803,5.233333
746.136661,4.633333
746.208491,5.633333
746.280294,4.833333
746.352068,5.500000
746.423814,5.300000
746.495532,5.766667
746.567223,5.433333
746.638885,4.500000
746.710519,5.633333
746.782126,5.166667
746.853704,5.766667
746.925254,4.966667
746.996777,4.500000
747.068271,3.966667
747.139737,3.966667
747.211176,4.566667
747.282586,5.633333
747.353968,6.700000
747.425323,6.766667
747.496649,5.966667
747.567947,4.500000
747.639218,5.166667
747.710460,4.433333
747.781675,4.433333
747.852861,3.633333
747.924019,4.833333
747.995149,4.833333
748.066252,5.300000
748.137326,4.700000
748.208372,4.700000
748.279391,4.433333
748.350381,3.966667
748.421343,4.700000
748.492277,4.166667
748.563183,5.100000
748.634062,4.233333
748.704912,4.566667
748.775734,3.700000
748.846528,4.100000
748.917294,3.966667
748.988032,3.500000
749.058742,3.300000
749.129424,3.633333
749.200078,4.366667
749.270704,4.966667
749.341302,4.766667
749.411872,4.300000
749.482413,4.433333
749.552927,4.300000
749.623413,5.433333
749.693871,4.433333
749.764300,4.366667
749.834702,3.833333
749.905075,4.233333
