#24_run03_5aqq.txt
#Wed, Mar 15, 2023, 3:56 PM
#WL (nm), Int (cts)
674.996352,20.931364
675.091533,21.040455
675.186688,21.076818
675.281816,21.240455
675.376916,21.385909
675.471990,21.476818
675.567037,21.549545
675.662057,21.858636
675.757051,21.858636
675.852017,21.658636
675.946956,21.422273
676.041869,21.385909
676.136754,21.385909
676.231613,21.131364
676.326444,20.949545
676.421249,20.804091
676.516027,20.640455
676.610778,20.585909
676.705502,20.458636
676.800199,20.385909
676.894869,20.495000
676.989513,20.622273
677.084129,20.676818
677.178718,20.385909
677.273281,20.422273
677.367816,20.385909
677.462325,20.385909
677.556807,20.404091
677.651261,20.513182
677.745689,20.276818
677.840090,20.622273
677.934464,20.604091
678.028811,20.349545
678.123131,20.458636
678.217424,20.822273
678.311690,20.731364
678.405930,20.931364
678.500142,20.840455
678.594327,20.822273
678.688486,20.695000
678.782617,20.913182
678.876722,20.549545
678.970799,20.640455
679.064850,20.931364
679.158873,21.058636
679.252870,20.840455
679.346840,20.913182
679.440783,20.622273
679.534698,21.058636
679.628587,21.076818
679.722449,21.295000
679.816284,20.967727
679.910092,21.040455
680.003873,20.840455
680.097627,20.949545
680.191354,20.804091
680.285054,20.713182
680.378727,20.895000
680.472373,21.040455
680.565993,20.785909
680.659585,20.640455
680.753150,20.549545
680.846688,20.658636
680.940199,20.876818
681.033684,21.095000
681.127141,20.985909
681.220571,20.840455
681.313975,20.767727
681.407351,20.695000
681.500700,20.513182
681.594023,20.840455
681.687318,21.022273
681.780587,20.949545
681.873828,20.876818
681.967042,20.804091
682.060230,20.476818
682.153390,20.331364
682.246524,20.149545
682.339630,20.295000
682.432710,20.240455
682.525762,20.531364
682.618788,19.949545
682.711786,19.531364
682.804757,19.622273
682.897702,19.331364
682.990619,19.113182
683.083510,19.276818
683.176373,19.531364
683.269210,19.585909
683.362019,19.676818
683.454801,19.567727
683.547557,19.295000
683.640285,19.458636
683.732986,19.567727
683.825661,19.295000
683.918308,19.495000
684.010928,19.549545
684.103522,19.531364
684.196088,19.495000
684.288627,19.313182
684.381139,19.076818
684.473624,19.313182
684.566082,19.549545
684.658514,19.549545
684.750918,19.858636
684.843295,20.076818
684.935645,20.240455
685.027968,20.476818
685.120264,20.458636
685.212533,20.549545
685.304774,20.876818
685.396989,21.076818
685.489177,21.058636
685.581338,21.022273
685.673471,21.004091
685.765578,21.022273
685.857658,21.185909
685.949710,21.149545
686.041736,21.185909
686.133734,21.385909
686.225706,21.440455
686.317650,21.658636
686.409567,22.095000
686.501458,22.331364
686.593321,22.931364
686.685157,23.713182
686.776966,24.367727
686.868748,24.985909
686.960503,25.785909
687.052231,26.404091
687.143932,26.804091
687.235606,27.385909
687.327252,27.949545
687.418872,28.313182
687.510465,28.422273
687.602030,28.276818
687.693569,28.022273
687.785080,27.676818
687.876564,27.385909
687.968021,26.949545
688.059452,26.367727
688.150855,26.113182
688.242231,25.422273
688.333580,24.585909
688.424901,23.713182
688.516196,23.149545
688.607464,22.804091
688.698704,22.095000
688.789918,21.476818
688.881104,20.804091
688.972264,20.458636
689.063396,20.022273
689.154501,19.567727
689.245579,19.185909
689.336630,18.913182
689.427654,18.658636
689.518651,18.749545
689.609620,18.367727
689.700563,18.458636
689.791478,18.658636
689.882367,18.585909
689.973228,18.640455
690.064062,18.749545
690.154869,18.967727
690.245649,19.004091
690.336402,19.404091
690.427128,19.731364
690.517826,19.658636
690.608498,19.749545
690.699142,19.658636
690.789759,19.567727
690.880350,19.640455
690.970913,19.385909
691.061449,19.313182
691.151957,19.167727
691.242439,18.895000
691.332894,18.822273
691.423321,18.804091
691.513721,19.240455
691.604095,19.858636
691.694441,21.331364
691.784760,23.331364
691.875051,26.785909
691.965316,31.422273
692.055554,36.531364
692.145764,41.458636
692.235947,46.167727
692.326104,49.531364
692.416233,51.876818
692.506334,53.149545
692.596409,53.967727
692.686457,53.913182
692.776477,53.476818
692.866471,51.949545
692.956437,49.567727
693.046376,47.604091
693.136288,46.731364
693.226172,48.222273
693.316030,52.495000
693.405860,59.422273
693.495664,68.167727
693.585440,76.331364
693.675189,82.949545
693.764911,87.167727
693.854605,89.240455
693.944273,89.440455
694.033913,88.240455
694.123526,85.113182
694.213112,80.131364
694.302671,73.095000
694.392203,63.895000
694.481707,53.731364
694.571185,44.258636
694.660635,36.349545
694.750058,30.531364
694.839454,26.858636
694.928822,24.422273
695.018164,22.531364
695.107478,21.531364
695.196765,20.549545
695.286025,19.676818
695.375258,19.149545
695.464464,18.749545
695.553642,18.113182
695.642793,17.804091
695.731918,17.331364
695.821014,16.840455
695.910084,16.513182
695.999127,16.185909
696.088142,15.822273
696.177130,15.622273
696.266091,15.622273
696.355025,15.604091
696.443931,15.513182
696.532811,15.513182
696.621663,15.440455
696.710488,15.585909
696.799286,15.458636
696.888056,15.367727
696.976799,15.349545
697.065516,15.204091
697.154205,15.258636
697.242866,15.113182
697.331501,15.149545
697.420108,14.895000
697.508688,14.985909
697.597241,14.767727
697.685767,14.531364
697.774265,14.658636
697.862737,14.713182
697.951181,14.731364
698.039598,14.931364
698.127987,14.785909
698.216350,14.767727
698.304685,14.749545
698.392993,14.549545
698.481274,14.567727
698.569527,14.622273
698.657753,14.858636
698.745953,14.931364
698.834124,14.895000
698.922269,15.058636
699.010386,15.113182
699.098477,15.185909
699.186539,15.076818
699.274575,14.749545
699.362584,15.022273
699.450565,15.113182
699.538519,15.167727
699.626445,15.004091
699.714345,14.695000
699.802217,14.549545
699.890062,14.313182
699.977880,14.058636
700.065671,14.004091
700.153434,13.931364
700.241170,14.058636
700.328879,14.040455
700.416560,14.167727
700.504214,14.204091
700.591841,14.458636
700.679441,14.695000
700.767014,15.131364
700.854559,15.440455
700.942077,15.749545
701.029568,15.967727
701.117031,16.240455
701.204467,16.604091
701.291876,16.658636
701.379258,16.604091
701.466612,16.531364
701.553939,16.349545
701.641239,16.167727
701.728512,16.040455
701.815757,15.713182
701.902975,15.604091
701.990166,15.349545
702.077330,15.149545
702.164466,15.149545
702.251575,14.931364
702.338657,15.040455
702.425711,15.113182
702.512738,15.313182
702.599738,14.840455
702.686710,15.076818
702.773656,15.349545
702.860574,15.495000
702.947464,15.640455
703.034328,15.895000
703.121164,15.804091
703.207973,15.913182
703.294754,15.949545
703.381509,15.931364
703.468235,16.149545
703.554935,16.949545
703.641607,17.022273
703.728253,17.095000
703.814870,17.276818
703.901461,17.549545
703.988024,17.676818
704.074560,17.895000
704.161068,18.349545
704.247549,18.422273
704.334003,18.913182
704.420430,18.913182
704.506829,18.876818
704.593201,19.058636
704.679546,19.331364
704.765863,19.840455
704.852153,20.131364
704.938416,20.658636
705.024652,21.131364
705.110860,21.858636
705.197040,22.622273
705.283194,23.076818
705.369320,23.913182
705.455419,25.076818
705.541490,26.113182
705.627534,27.095000
705.713551,28.095000
705.799541,29.240455
705.885503,30.531364
705.971438,31.640455
706.057345,32.895000
706.143225,34.258636
706.229078,35.895000
706.314904,37.367727
706.400702,38.913182
706.486473,40.404091
706.572216,41.840455
706.657932,43.222273
706.743621,44.458636
706.829282,45.258636
706.914917,45.731364
707.000523,45.895000
707.086103,45.695000
707.171655,45.331364
707.257179,44.149545
707.342677,42.749545
707.428147,41.404091
707.513589,39.876818
707.599005,37.967727
707.684393,36.204091
707.769753,34.385909
707.855086,33.022273
707.940392,32.185909
708.025671,31.495000
708.110922,31.604091
708.196146,32.804091
708.281342,34.458636
708.366511,36.640455
708.451653,39.276818
708.536767,42.495000
708.621854,45.749545
708.706913,49.022273
708.791946,52.222273
708.876950,54.240455
708.961928,55.585909
709.046878,55.713182
709.131800,54.840455
709.216696,53.113182
709.301564,50.258636
709.386404,47.040455
709.471217,43.076818
709.556003,38.876818
709.640761,34.895000
709.725492,31.167727
709.810196,27.858636
709.894872,25.076818
709.979521,22.804091
710.064142,21.204091
710.148736,20.058636
710.233303,19.240455
710.317842,18.785909
710.402354,18.422273
710.486838,18.495000
710.571295,18.276818
710.655725,18.131364
710.740127,18.222273
710.824502,18.531364
710.908849,19.149545
710.993169,19.749545
711.077462,20.495000
711.161727,21.531364
711.245965,23.240455
711.330175,25.149545
711.414358,27.458636
711.498514,29.913182
711.582642,32.185909
711.666743,34.931364
711.750816,37.513182
711.834862,40.222273
711.918880,42.931364
712.002871,45.022273
712.086835,46.585909
712.170771,47.258636
712.254680,47.604091
712.338561,47.131364
712.422415,46.640455
712.506241,45.676818
712.590040,43.658636
712.673812,41.640455
712.757556,38.858636
712.841273,35.785909
712.924962,32.949545
713.008624,30.349545
713.092258,27.913182
713.175865,25.440455
713.259445,23.531364
713.342997,21.422273
713.426522,19.876818
713.510019,18.622273
713.593489,17.604091
713.676931,16.804091
713.760346,16.440455
713.843733,15.876818
713.927093,15.495000
714.010426,15.167727
714.093731,15.131364
714.177008,14.604091
714.260258,14.404091
714.343481,14.058636
714.426676,13.895000
714.509844,13.567727
714.592984,13.204091
714.676097,12.913182
714.759183,12.731364
714.842240,12.749545
714.925271,12.658636
715.008274,12.567727
715.091249,12.731364
715.174197,12.476818
715.257118,12.531364
715.340011,12.258636
715.422877,12.385909
715.505715,12.295000
715.588525,12.185909
715.671309,12.185909
715.754064,11.931364
715.836793,11.731364
715.919493,11.476818
716.002167,11.149545
716.084812,11.258636
716.167431,11.058636
716.250021,11.131364
716.332585,11.258636
716.415121,11.549545
716.497629,11.567727
716.580110,11.513182
716.662563,11.676818
716.744989,11.622273
716.827387,11.785909
716.909758,11.767727
716.992102,11.622273
717.074417,11.549545
717.156706,11.513182
717.238967,11.167727
717.321200,11.040455
717.403406,10.804091
717.485584,10.731364
717.567735,10.749545
717.649858,10.658636
717.731954,10.731364
717.814023,10.640455
717.896063,10.567727
717.978077,10.440455
718.060062,10.367727
718.142021,10.313182
718.223951,10.276818
718.305855,10.440455
718.387730,10.458636
718.469579,10.204091
718.551399,10.185909
718.633192,9.876818
718.714958,9.804091
718.796696,9.967727
718.878407,9.967727
718.960090,10.131364
719.041745,10.131364
719.123373,10.095000
719.204974,9.913182
719.286546,10.022273
719.368092,10.149545
719.449610,10.258636
719.531100,10.495000
719.612563,10.640455
719.693998,10.676818
719.775406,10.676818
719.856786,10.658636
719.938138,10.513182
720.019463,10.731364
720.100761,10.913182
720.182031,10.876818
720.263273,10.731364
720.344488,10.476818
720.425675,10.258636
720.506835,10.149545
720.587967,10.058636
720.669072,10.004091
720.750149,10.040455
720.831199,9.967727
720.912220,9.731364
720.993215,9.604091
721.074182,9.549545
721.155121,9.549545
721.236033,9.713182
721.316917,9.585909
721.397773,9.585909
721.478602,9.585909
721.559404,9.531364
721.640178,9.258636
721.720924,9.422273
721.801643,9.476818
721.882334,9.404091
721.962998,9.167727
722.043634,9.004091
722.124242,8.785909
722.204823,8.767727
722.285376,8.822273
722.365902,8.622273
722.446400,8.822273
722.526870,8.895000
722.607313,8.713182
722.687729,8.567727
722.768116,8.367727
722.848477,8.695000
722.928809,8.804091
723.009114,9.076818
723.089391,9.095000
723.169641,9.222273
723.249863,9.204091
723.330058,9.022273
723.410225,8.840455
723.490364,8.913182
723.570476,9.004091
723.650560,9.385909
723.730617,9.240455
723.810646,9.240455
723.890647,9.149545
723.970621,9.185909
724.050567,8.931364
724.130486,8.822273
724.210377,8.749545
724.290240,8.822273
724.370076,8.858636
724.449884,8.804091
724.529665,8.695000
724.609417,8.840455
724.689143,8.604091
724.768840,8.822273
724.848510,8.749545
724.928153,8.840455
725.007767,8.749545
725.087355,8.876818
725.166914,8.840455
725.246446,8.949545
725.325950,8.985909
725.405427,8.967727
725.484876,8.713182
725.564297,8.840455
725.643691,8.585909
725.723057,8.567727
725.802396,8.640455
725.881706,8.895000
725.960990,9.113182
726.040245,8.949545
726.119473,8.931364
726.198673,8.731364
726.277846,8.695000
726.356991,8.749545
726.436108,8.676818
726.515198,8.640455
726.594260,8.767727
726.673294,8.785909
726.752301,8.695000
726.831280,8.385909
726.910231,8.476818
726.989155,8.549545
727.068051,8.458636
727.146920,8.513182
727.225761,8.440455
727.304574,8.385909
727.383359,8.204091
727.462117,8.004091
727.540847,7.840455
727.619550,7.804091
727.698224,7.985909
727.776871,7.858636
727.855491,7.804091
727.934083,7.913182
728.012647,7.658636
728.091183,7.495000
728.169692,7.695000
728.248173,7.513182
728.326627,7.604091
728.405052,7.331364
728.483450,7.295000
728.561821,6.967727
728.640163,7.149545
728.718479,7.076818
728.796766,7.113182
728.875025,7.076818
728.953257,7.240455
729.031462,7.076818
729.109638,7.258636
729.187787,7.258636
729.265908,7.622273
729.344002,7.604091
729.422068,7.695000
729.500106,7.949545
729.578116,7.804091
729.656099,7.585909
729.734054,7.749545
729.811981,7.622273
729.889881,7.585909
729.967753,7.531364
730.045597,7.167727
730.123414,7.095000
730.201202,7.167727
730.278963,7.276818
730.356697,6.985909
730.434402,7.058636
730.512080,7.331364
730.589731,7.149545
730.667353,7.222273
730.744948,7.295000
730.822515,7.331364
730.900054,7.785909
730.977566,7.385909
731.055050,7.567727
731.132506,7.422273
731.209935,7.513182
731.287335,7.367727
731.364708,7.276818
731.442054,7.404091
731.519371,7.440455
731.596661,7.404091
731.673923,7.422273
731.751158,7.295000
731.828364,7.604091
731.905543,7.331364
731.982694,7.313182
732.059818,7.258636
732.136913,7.185909
732.213981,7.149545
732.291022,6.985909
732.368034,7.022273
732.445019,6.895000
732.521976,6.876818
732.598905,6.749545
732.675806,6.658636
732.752680,6.749545
732.829526,6.713182
732.906344,6.731364
732.983135,6.604091
733.059898,6.604091
733.136633,6.531364
733.213340,6.440455
733.290019,6.476818
733.366671,6.513182
733.443295,6.640455
733.519891,6.658636
733.596459,6.549545
733.673000,6.585909
733.749513,6.658636
733.825998,6.567727
733.902455,6.640455
733.978885,6.804091
734.055287,6.804091
734.131661,6.895000
734.208007,6.731364
734.284326,6.695000
734.360616,6.713182
734.436879,6.731364
734.513114,6.622273
734.589322,6.404091
734.665501,6.676818
734.741653,6.513182
734.817777,6.385909
734.893873,6.313182
734.969942,6.331364
735.045982,6.385909
735.121995,6.276818
735.197980,6.222273
735.273938,6.076818
735.349867,6.222273
735.425769,6.222273
735.501643,6.458636
735.577489,6.567727
735.653307,6.495000
735.729098,6.549545
735.804860,6.349545
735.880595,6.385909
735.956302,6.276818
736.031982,6.331364
736.107633,6.349545
736.183257,6.440455
736.258853,6.440455
736.334421,6.167727
736.409961,6.149545
736.485474,6.222273
736.560958,6.004091
736.636415,6.058636
736.711844,5.913182
736.787245,5.713182
736.862619,5.567727
736.937964,5.876818
737.013282,5.895000
737.088572,5.840455
737.163834,5.840455
737.239068,5.895000
737.314275,5.913182
737.389453,5.822273
737.464604,5.967727
737.539727,6.095000
737.614822,6.458636
737.689890,6.476818
737.764929,6.258636
737.839941,6.204091
737.914925,6.185909
737.989881,6.385909
738.064809,6.167727
738.139709,6.240455
738.214581,6.458636
738.289426,6.313182
738.364243,6.531364
738.439032,6.313182
738.513793,6.513182
738.588526,6.440455
738.663231,6.495000
738.737909,6.585909
738.812559,6.440455
738.887180,6.422273
738.961774,6.585909
739.036340,6.713182
739.110879,6.804091
739.185389,6.785909
739.259872,7.058636
739.334326,6.931364
739.408753,6.858636
739.483152,6.713182
739.557523,6.585909
739.631866,6.585909
739.706182,6.567727
739.780469,6.367727
739.854729,6.149545
739.928961,5.931364
740.003165,5.585909
740.077341,5.258636
740.151489,5.295000
740.225609,5.331364
740.299701,5.276818
740.373766,5.295000
740.447802,5.313182
740.521811,5.276818
740.595792,5.513182
740.669745,5.495000
740.743670,5.640455
740.817567,5.749545
740.891437,5.822273
740.965278,5.567727
741.039092,5.640455
741.112877,5.622273
741.186635,5.731364
741.260365,5.567727
741.334067,5.695000
741.407741,5.622273
741.481387,5.676818
741.555006,5.713182
741.628596,5.822273
741.702159,6.040455
741.775693,6.131364
741.849200,6.076818
741.922679,5.949545
741.996130,5.931364
742.069552,6.004091
742.142948,5.967727
742.216315,5.913182
742.289654,6.076818
742.362965,6.222273
742.436249,6.113182
742.509504,6.222273
742.582732,6.549545
742.655932,6.731364
742.729103,6.822273
742.802247,6.949545
742.875363,7.022273
742.948451,7.167727
743.021511,7.149545
743.094543,7.058636
743.167548,6.858636
743.240524,6.913182
743.313472,6.913182
743.386393,6.585909
743.459285,6.513182
743.532150,6.440455
743.604986,6.295000
743.677795,6.222273
743.750576,6.167727
743.823329,6.113182
743.896054,6.295000
743.968751,6.113182
744.041420,5.895000
744.114061,5.276818
744.186674,5.331364
744.259259,5.185909
744.331816,5.167727
744.404346,5.222273
744.476847,4.913182
744.549320,4.895000
744.621766,4.731364
744.694183,4.567727
744.766573,4.804091
744.838934,4.913182
744.911268,5.204091
744.983574,5.185909
745.055851,5.149545
745.128101,5.222273
745.200323,5.185909
745.272517,5.404091
745.344683,5.531364
745.416820,5.731364
745.488930,5.985909
745.561012,5.967727
745.633066,6.167727
745.705092,6.204091
745.777090,6.222273
745.849061,6.313182
745.921003,6.276818
745.992917,6.258636
746.064803,6.495000
746.136661,6.422273
746.208491,6.204091
746.280294,5.931364
746.352068,6.022273
746.423814,6.058636
746.495532,6.185909
746.567223,6.149545
746.638885,6.149545
746.710519,6.095000
746.782126,5.967727
746.853704,5.622273
746.925254,5.495000
746.996777,5.585909
747.068271,5.695000
747.139737,5.313182
747.211176,5.204091
747.282586,4.967727
747.353968,4.785909
747.425323,4.658636
747.496649,4.840455
747.567947,4.967727
747.639218,5.076818
747.710460,5.004091
747.781675,4.876818
747.852861,4.749545
747.924019,4.913182
747.995149,4.949545
748.066252,5.022273
748.137326,5.204091
748.208372,5.240455
748.279391,5.131364
748.350381,4.949545
748.421343,5.076818
748.492277,5.149545
748.563183,5.276818
748.634062,5.349545
748.704912,5.604091
748.775734,5.585909
748.846528,5.713182
748.917294,5.749545
748.988032,5.822273
749.058742,5.804091
749.129424,5.695000
749.200078,5.513182
749.270704,5.585909
749.341302,5.440455
749.411872,5.313182
749.482413,5.113182
749.552927,4.913182
749.623413,4.731364
749.693871,4.713182
749.764300,4.695000
749.834702,4.676818
749.905075,4.731364
