#28_run03_1aqq.txt
#Wed, Mar 15, 2023, 4:07 PM
#WL (nm), Int (cts)
674.996352,20.200000
675.091533,20.600000
675.186688,20.800000
675.281816,21.400000
675.376916,20.466667
675.471990,20.133333
675.567037,19.533333
675.662057,20.800000
675.757051,20.666667
675.852017,21.266667
675.946956,20.733333
676.041869,21.000000
676.136754,19.933333
676.231613,20.200000
676.326444,20.800000
676.421249,20.533333
676.516027,19.800000
676.610778,19.266667
676.705502,20.600000
676.800199,21.533333
676.894869,22.200000
676.989513,21.733333
677.084129,21.666667
677.178718,21.333333
677.273281,21.666667
677.367816,22.133333
677.462325,21.466667
677.556807,21.466667
677.651261,20.333333
677.745689,20.733333
677.840090,19.733333
677.934464,20.333333
678.028811,19.866667
678.123131,20.666667
678.217424,19.866667
678.311690,20.533333
678.405930,19.666667
678.500142,20.133333
678.594327,19.466667
678.688486,19.466667
678.782617,19.933333
678.876722,20.200000
678.970799,21.000000
679.064850,21.000000
679.158873,21.200000
679.252870,21.200000
679.346840,21.600000
679.440783,21.666667
679.534698,22.400000
679.628587,21.733333
679.722449,21.666667
679.816284,20.800000
679.910092,22.000000
680.003873,21.933333
680.097627,22.933333
680.191354,21.400000
680.285054,21.600000
680.378727,21.400000
680.472373,21.333333
680.565993,21.266667
680.659585,19.933333
680.753150,21.133333
680.846688,20.666667
680.940199,21.133333
681.033684,20.066667
681.127141,21.000000
681.220571,20.133333
681.313975,21.600000
681.407351,21.333333
681.500700,22.200000
681.594023,21.000000
681.687318,20.133333
681.780587,20.200000
681.873828,20.000000
681.967042,21.600000
682.060230,21.466667
682.153390,21.333333
682.246524,20.000000
682.339630,19.933333
682.432710,19.866667
682.525762,19.600000
682.618788,19.866667
682.711786,19.800000
682.804757,20.066667
682.897702,19.733333
682.990619,19.866667
683.083510,20.066667
683.176373,19.933333
683.269210,20.133333
683.362019,19.866667
683.454801,19.933333
683.547557,19.733333
683.640285,19.400000
683.732986,18.666667
683.825661,18.733333
683.918308,18.266667
684.010928,19.533333
684.103522,19.333333
684.196088,20.733333
684.288627,19.400000
684.381139,19.200000
684.473624,18.333333
684.566082,18.933333
684.658514,17.800000
684.750918,18.533333
684.843295,19.800000
684.935645,22.066667
685.027968,22.266667
685.120264,20.933333
685.212533,20.466667
685.304774,19.200000
685.396989,19.000000
685.489177,18.666667
685.581338,20.133333
685.673471,20.266667
685.765578,20.333333
685.857658,18.866667
685.949710,19.933333
686.041736,19.333333
686.133734,19.933333
686.225706,19.600000
686.317650,20.200000
686.409567,20.600000
686.501458,21.066667
686.593321,22.533333
686.685157,23.333333
686.776966,25.200000
686.868748,25.200000
686.960503,26.666667
687.052231,27.000000
687.143932,28.200000
687.235606,28.933333
687.327252,29.666667
687.418872,30.333333
687.510465,30.066667
687.602030,29.666667
687.693569,28.933333
687.785080,29.266667
687.876564,27.600000
687.968021,27.533333
688.059452,26.266667
688.150855,26.133333
688.242231,24.866667
688.333580,24.600000
688.424901,24.666667
688.516196,24.266667
688.607464,23.400000
688.698704,22.666667
688.789918,21.466667
688.881104,20.133333
688.972264,19.600000
689.063396,20.000000
689.154501,20.266667
689.245579,19.333333
689.336630,18.466667
689.427654,18.266667
689.518651,18.266667
689.609620,19.000000
689.700563,18.800000
689.791478,19.933333
689.882367,19.333333
689.973228,19.800000
690.064062,18.866667
690.154869,18.933333
690.245649,18.400000
690.336402,19.200000
690.427128,19.733333
690.517826,19.733333
690.608498,19.466667
690.699142,19.333333
690.789759,20.533333
690.880350,19.800000
690.970913,18.800000
691.061449,17.133333
691.151957,17.533333
691.242439,18.000000
691.332894,18.533333
691.423321,18.133333
691.513721,18.533333
691.604095,18.800000
691.694441,19.733333
691.784760,19.800000
691.875051,22.066667
691.965316,25.533333
692.055554,33.266667
692.145764,44.800000
692.235947,58.200000
692.326104,70.866667
692.416233,74.800000
692.506334,72.333333
692.596409,61.200000
692.686457,49.933333
692.776477,38.800000
692.866471,33.400000
692.956437,30.733333
693.046376,32.066667
693.136288,33.866667
693.226172,36.933333
693.316030,42.600000
693.405860,51.800000
693.495664,70.333333
693.585440,95.400000
693.675189,122.666667
693.764911,138.666667
693.854605,141.266667
693.944273,127.266667
694.033913,103.533333
694.123526,76.400000
694.213112,54.800000
694.302671,41.866667
694.392203,33.400000
694.481707,28.733333
694.571185,24.466667
694.660635,23.000000
694.750058,21.666667
694.839454,22.466667
694.928822,20.666667
695.018164,19.533333
695.107478,18.400000
695.196765,19.066667
695.286025,18.533333
695.375258,18.866667
695.464464,17.866667
695.553642,18.733333
695.642793,17.933333
695.731918,17.866667
695.821014,17.266667
695.910084,17.133333
695.999127,17.066667
696.088142,16.666667
696.177130,16.066667
696.266091,15.933333
696.355025,16.533333
696.443931,16.933333
696.532811,16.400000
696.621663,16.600000
696.710488,15.466667
696.799286,16.400000
696.888056,15.666667
696.976799,16.533333
697.065516,15.066667
697.154205,14.933333
697.242866,14.933333
697.331501,15.533333
697.420108,15.333333
697.508688,15.666667
697.597241,15.466667
697.685767,15.733333
697.774265,15.333333
697.862737,15.800000
697.951181,16.466667
698.039598,16.266667
698.127987,16.733333
698.216350,15.733333
698.304685,16.066667
698.392993,15.200000
698.481274,15.266667
698.569527,14.733333
698.657753,15.066667
698.745953,14.533333
698.834124,15.533333
698.922269,15.466667
699.010386,16.200000
699.098477,14.933333
699.186539,14.866667
699.274575,15.600000
699.362584,15.333333
699.450565,15.866667
699.538519,14.666667
699.626445,15.000000
699.714345,14.466667
699.802217,14.533333
699.890062,14.466667
699.977880,14.333333
700.065671,14.333333
700.153434,13.933333
700.241170,14.000000
700.328879,14.333333
700.416560,15.400000
700.504214,15.200000
700.591841,14.533333
700.679441,13.733333
700.767014,13.333333
700.854559,14.066667
700.942077,15.200000
701.029568,15.600000
701.117031,16.533333
701.204467,16.200000
701.291876,16.733333
701.379258,15.866667
701.466612,16.000000
701.553939,15.466667
701.641239,15.200000
701.728512,15.200000
701.815757,15.466667
701.902975,15.733333
701.990166,15.200000
702.077330,15.200000
702.164466,14.533333
702.251575,14.800000
702.338657,14.666667
702.425711,14.800000
702.512738,14.400000
702.599738,15.066667
702.686710,15.066667
702.773656,15.466667
702.860574,16.000000
702.947464,16.200000
703.034328,16.800000
703.121164,15.533333
703.207973,15.666667
703.294754,14.933333
703.381509,15.666667
703.468235,16.200000
703.554935,17.200000
703.641607,18.066667
703.728253,19.133333
703.814870,19.200000
703.901461,17.800000
703.988024,17.400000
704.074560,18.000000
704.161068,19.800000
704.247549,19.600000
704.334003,19.133333
704.420430,18.666667
704.506829,19.133333
704.593201,19.733333
704.679546,19.866667
704.765863,20.000000
704.852153,19.400000
704.938416,19.533333
705.024652,20.133333
705.110860,21.333333
705.197040,21.733333
705.283194,22.800000
705.369320,23.133333
705.455419,25.266667
705.541490,26.333333
705.627534,27.266667
705.713551,27.800000
705.799541,28.800000
705.885503,30.666667
705.971438,32.000000
706.057345,33.200000
706.143225,34.133333
706.229078,35.866667
706.314904,37.000000
706.400702,39.800000
706.486473,41.333333
706.572216,44.400000
706.657932,46.200000
706.743621,48.600000
706.829282,49.200000
706.914917,48.933333
707.000523,49.200000
707.086103,48.400000
707.171655,48.000000
707.257179,45.600000
707.342677,44.200000
707.428147,41.666667
707.513589,39.533333
707.599005,37.666667
707.684393,36.000000
707.769753,34.600000
707.855086,33.400000
707.940392,30.933333
708.025671,28.666667
708.110922,27.133333
708.196146,28.200000
708.281342,31.066667
708.366511,33.000000
708.451653,36.266667
708.536767,39.466667
708.621854,46.400000
708.706913,53.066667
708.791946,59.800000
708.876950,62.533333
708.961928,65.200000
709.046878,65.066667
709.131800,64.400000
709.216696,59.733333
709.301564,53.933333
709.386404,47.600000
709.471217,41.133333
709.556003,35.000000
709.640761,28.800000
709.725492,25.200000
709.810196,22.333333
709.894872,21.600000
709.979521,20.666667
710.064142,20.733333
710.148736,18.800000
710.233303,17.333333
710.317842,16.866667
710.402354,17.000000
710.486838,17.866667
710.571295,16.866667
710.655725,18.666667
710.740127,19.066667
710.824502,20.800000
710.908849,20.000000
710.993169,20.466667
711.077462,19.733333
711.161727,20.866667
711.245965,21.933333
711.330175,24.200000
711.414358,26.400000
711.498514,27.666667
711.582642,31.800000
711.666743,35.133333
711.750816,40.866667
711.834862,43.466667
711.918880,46.400000
712.002871,48.266667
712.086835,49.933333
712.170771,51.000000
712.254680,51.466667
712.338561,51.533333
712.422415,51.000000
712.506241,48.933333
712.590040,46.266667
712.673812,43.333333
712.757556,40.466667
712.841273,38.066667
712.924962,35.133333
713.008624,32.000000
713.092258,27.800000
713.175865,24.733333
713.259445,22.066667
713.342997,20.333333
713.426522,18.266667
713.510019,17.200000
713.593489,16.200000
713.676931,15.800000
713.760346,16.000000
713.843733,15.666667
713.927093,14.733333
714.010426,13.133333
714.093731,13.333333
714.177008,13.066667
714.260258,13.866667
714.343481,13.333333
714.426676,13.800000
714.509844,13.733333
714.592984,14.333333
714.676097,14.666667
714.759183,13.666667
714.842240,12.733333
714.925271,12.666667
715.008274,12.933333
715.091249,13.066667
715.174197,12.733333
715.257118,12.333333
715.340011,12.400000
715.422877,11.800000
715.505715,11.933333
715.588525,12.200000
715.671309,12.466667
715.754064,12.800000
715.836793,11.933333
715.919493,12.866667
716.002167,12.466667
716.084812,13.333333
716.167431,11.466667
716.250021,11.400000
716.332585,10.533333
716.415121,11.266667
716.497629,11.000000
716.580110,11.533333
716.662563,10.600000
716.744989,11.000000
716.827387,11.333333
716.909758,12.000000
716.992102,12.200000
717.074417,11.133333
717.156706,11.333333
717.238967,10.133333
717.321200,10.200000
717.403406,9.333333
717.485584,9.866667
717.567735,9.800000
717.649858,10.533333
717.731954,10.466667
717.814023,10.400000
717.896063,10.066667
717.978077,9.666667
718.060062,10.266667
718.142021,9.666667
718.223951,10.200000
718.305855,9.533333
718.387730,10.600000
718.469579,10.466667
718.551399,10.466667
718.633192,10.266667
718.714958,9.866667
718.796696,9.866667
718.878407,10.533333
718.960090,11.266667
719.041745,10.800000
719.123373,9.733333
719.204974,9.466667
719.286546,10.866667
719.368092,11.066667
719.449610,10.466667
719.531100,9.400000
719.612563,9.733333
719.693998,10.400000
719.775406,10.933333
719.856786,10.800000
719.938138,10.200000
720.019463,10.333333
720.100761,9.866667
720.182031,10.066667
720.263273,9.733333
720.344488,10.733333
720.425675,10.600000
720.506835,10.600000
720.587967,10.000000
720.669072,10.533333
720.750149,10.066667
720.831199,10.133333
720.912220,9.466667
720.993215,9.733333
721.074182,9.400000
721.155121,10.000000
721.236033,10.733333
721.316917,10.400000
721.397773,9.933333
721.478602,9.000000
721.559404,9.600000
721.640178,9.733333
721.720924,10.333333
721.801643,9.733333
721.882334,9.466667
721.962998,9.200000
722.043634,8.933333
722.124242,9.533333
722.204823,9.200000
722.285376,10.000000
722.365902,9.466667
722.446400,9.000000
722.526870,8.533333
722.607313,8.200000
722.687729,8.133333
722.768116,7.933333
722.848477,8.733333
722.928809,9.200000
723.009114,9.600000
723.089391,8.466667
723.169641,8.800000
723.249863,9.133333
723.330058,10.266667
723.410225,9.933333
723.490364,9.666667
723.570476,8.600000
723.650560,8.866667
723.730617,8.400000
723.810646,9.133333
723.890647,8.733333
723.970621,9.800000
724.050567,9.133333
724.130486,9.466667
724.210377,8.333333
724.290240,8.600000
724.370076,9.000000
724.449884,8.733333
724.529665,8.400000
724.609417,7.933333
724.689143,7.800000
724.768840,8.066667
724.848510,7.400000
724.928153,8.400000
725.007767,8.466667
725.087355,8.933333
725.166914,9.066667
725.246446,9.466667
725.325950,8.533333
725.405427,8.266667
725.484876,8.133333
725.564297,9.400000
725.643691,8.400000
725.723057,8.400000
725.802396,7.933333
725.881706,8.533333
725.960990,8.733333
726.040245,8.866667
726.119473,9.133333
726.198673,8.666667
726.277846,8.933333
726.356991,8.466667
726.436108,8.533333
726.515198,7.866667
726.594260,8.333333
726.673294,8.066667
726.752301,8.600000
726.831280,8.266667
726.910231,8.133333
726.989155,7.733333
727.068051,7.400000
727.146920,7.666667
727.225761,7.933333
727.304574,8.266667
727.383359,8.400000
727.462117,8.400000
727.540847,8.266667
727.619550,8.000000
727.698224,8.466667
727.776871,8.600000
727.855491,8.066667
727.934083,7.666667
728.012647,7.666667
728.091183,7.800000
728.169692,7.600000
728.248173,7.466667
728.326627,8.333333
728.405052,7.666667
728.483450,8.066667
728.561821,7.733333
728.640163,9.133333
728.718479,8.466667
728.796766,8.800000
728.875025,8.066667
728.953257,8.600000
729.031462,7.800000
729.109638,7.333333
729.187787,7.133333
729.265908,7.066667
729.344002,6.666667
729.422068,6.533333
729.500106,7.133333
729.578116,8.600000
729.656099,9.400000
729.734054,9.800000
729.811981,8.866667
729.889881,7.933333
729.967753,7.733333
730.045597,7.800000
730.123414,7.600000
730.201202,6.733333
730.278963,6.000000
730.356697,6.133333
730.434402,6.600000
730.512080,7.066667
730.589731,6.800000
730.667353,6.933333
730.744948,6.933333
730.822515,7.800000
730.900054,7.266667
730.977566,6.933333
731.055050,6.266667
731.132506,7.333333
731.209935,7.600000
731.287335,7.266667
731.364708,7.133333
731.442054,6.866667
731.519371,7.333333
731.596661,6.800000
731.673923,8.066667
731.751158,8.533333
731.828364,8.600000
731.905543,8.066667
731.982694,8.333333
732.059818,7.666667
732.136913,7.266667
732.213981,6.266667
732.291022,5.866667
732.368034,6.200000
732.445019,6.266667
732.521976,7.200000
732.598905,6.466667
732.675806,6.800000
732.752680,6.266667
732.829526,6.800000
732.906344,7.133333
732.983135,7.333333
733.059898,7.333333
733.136633,6.266667
733.213340,6.200000
733.290019,6.333333
733.366671,7.066667
733.443295,7.333333
733.519891,6.866667
733.596459,6.600000
733.673000,6.666667
733.749513,6.800000
733.825998,6.866667
733.902455,6.733333
733.978885,6.800000
734.055287,6.666667
734.131661,6.533333
734.208007,6.400000
734.284326,6.400000
734.360616,6.933333
734.436879,6.800000
734.513114,6.933333
734.589322,6.333333
734.665501,7.066667
734.741653,6.200000
734.817777,6.266667
734.893873,5.066667
734.969942,6.066667
735.045982,5.600000
735.121995,6.000000
735.197980,6.333333
735.273938,6.933333
735.349867,7.333333
735.425769,6.933333
735.501643,6.533333
735.577489,7.000000
735.653307,6.400000
735.729098,6.266667
735.804860,5.666667
735.880595,6.066667
735.956302,6.400000
736.031982,6.800000
736.107633,6.666667
736.183257,6.933333
736.258853,6.733333
736.334421,6.400000
736.409961,6.066667
736.485474,6.066667
736.560958,6.200000
736.636415,6.866667
736.711844,6.733333
736.787245,7.400000
736.862619,6.866667
736.937964,6.866667
737.013282,6.133333
737.088572,6.000000
737.163834,5.600000
737.239068,6.333333
737.314275,6.733333
737.389453,7.133333
737.464604,6.800000
737.539727,6.533333
737.614822,6.666667
737.689890,6.466667
737.764929,6.733333
737.839941,6.533333
737.914925,7.933333
737.989881,8.066667
738.064809,8.133333
738.139709,6.866667
738.214581,6.266667
738.289426,6.200000
738.364243,5.800000
738.439032,6.066667
738.513793,5.933333
738.588526,5.800000
738.663231,5.400000
738.737909,5.533333
738.812559,6.533333
738.887180,7.000000
738.961774,7.133333
739.036340,7.000000
739.110879,7.133333
739.185389,6.333333
739.259872,6.000000
739.334326,5.000000
739.408753,5.733333
739.483152,5.466667
739.557523,6.133333
739.631866,5.266667
739.706182,5.066667
739.780469,5.133333
739.854729,5.866667
739.928961,6.333333
740.003165,6.800000
740.077341,6.466667
740.151489,6.733333
740.225609,6.333333
740.299701,6.000000
740.373766,5.866667
740.447802,5.800000
740.521811,7.133333
740.595792,6.200000
740.669745,6.400000
740.743670,5.866667
740.817567,6.200000
740.891437,6.200000
740.965278,5.800000
741.039092,5.866667
741.112877,4.866667
741.186635,4.533333
741.260365,4.066667
741.334067,4.466667
741.407741,4.666667
741.481387,5.666667
741.555006,5.400000
741.628596,5.733333
741.702159,5.600000
741.775693,6.733333
741.849200,6.666667
741.922679,7.200000
741.996130,7.000000
742.069552,6.933333
742.142948,6.666667
742.216315,5.666667
742.289654,5.800000
742.362965,5.400000
742.436249,6.533333
742.509504,6.600000
742.582732,7.466667
742.655932,6.800000
742.729103,7.400000
742.802247,6.800000
742.875363,7.533333
742.948451,5.866667
743.021511,6.133333
743.094543,5.933333
743.167548,6.866667
743.240524,6.200000
743.313472,5.666667
743.386393,6.733333
743.459285,6.133333
743.532150,6.266667
743.604986,5.000000
743.677795,5.733333
743.750576,5.200000
743.823329,5.533333
743.896054,5.200000
743.968751,6.000000
744.041420,6.000000
744.114061,6.133333
744.186674,5.600000
744.259259,4.466667
744.331816,4.866667
744.404346,4.666667
744.476847,5.400000
744.549320,4.933333
744.621766,4.866667
744.694183,4.600000
744.766573,4.733333
744.838934,5.133333
744.911268,5.400000
744.983574,5.466667
745.055851,5.133333
745.128101,5.066667
745.200323,4.933333
745.272517,5.533333
745.344683,5.733333
745.416820,6.333333
745.488930,5.933333
745.561012,5.733333
745.633066,5.800000
745.705092,5.800000
745.777090,6.533333
745.849061,6.333333
745.921003,6.266667
745.992917,6.200000
746.064803,6.533333
746.136661,6.333333
746.208491,6.066667
746.280294,4.933333
746.352068,5.733333
746.423814,5.333333
746.495532,6.133333
746.567223,5.400000
746.638885,5.400000
746.710519,5.266667
746.782126,6.066667
746.853704,6.133333
746.925254,6.000000
746.996777,5.333333
747.068271,4.933333
747.139737,5.266667
747.211176,5.200000
747.282586,6.866667
747.353968,7.133333
747.425323,7.600000
747.496649,5.866667
747.567947,5.333333
747.639218,4.466667
747.710460,4.266667
747.781675,3.733333
747.852861,4.466667
747.924019,4.933333
747.995149,5.600000
748.066252,5.733333
748.137326,5.533333
748.208372,4.800000
748.279391,4.733333
748.350381,4.533333
748.421343,4.333333
748.492277,3.800000
748.563183,3.933333
748.634062,5.066667
748.704912,4.600000
748.775734,4.400000
748.846528,3.066667
748.917294,3.600000
748.988032,4.133333
749.058742,4.266667
749.129424,4.733333
749.200078,4.666667
749.270704,5.133333
749.341302,4.333333
749.411872,4.666667
749.482413,4.933333
749.552927,5.866667
749.623413,6.400000
749.693871,5.666667
749.764300,5.533333
749.834702,5.200000
749.905075,6.266667
