#29_run03_1aqq.txt
#Wed, Mar 15, 2023, 4:09 PM
#WL (nm), Int (cts)
674.996352,14.623333
675.091533,15.556667
675.186688,15.623333
675.281816,15.490000
675.376916,15.423333
675.471990,14.490000
675.567037,14.890000
675.662057,14.756667
675.757051,15.223333
675.852017,15.623333
675.946956,15.490000
676.041869,15.223333
676.136754,15.156667
676.231613,15.290000
676.326444,16.156667
676.421249,15.490000
676.516027,15.756667
676.610778,15.023333
676.705502,15.956667
676.800199,15.223333
676.894869,16.023333
676.989513,15.756667
677.084129,16.223333
677.178718,15.823333
677.273281,15.890000
677.367816,15.623333
677.462325,15.690000
677.556807,15.356667
677.651261,15.823333
677.745689,15.756667
677.840090,15.423333
677.934464,15.023333
678.028811,15.556667
678.123131,15.490000
678.217424,15.956667
678.311690,15.756667
678.405930,15.356667
678.500142,15.156667
678.594327,15.023333
678.688486,15.490000
678.782617,14.956667
678.876722,15.223333
678.970799,15.023333
679.064850,15.423333
679.158873,14.956667
679.252870,15.023333
679.346840,15.290000
679.440783,14.623333
679.534698,15.823333
679.628587,15.890000
679.722449,16.290000
679.816284,15.423333
679.910092,15.690000
680.003873,16.023333
680.097627,16.090000
680.191354,15.290000
680.285054,15.556667
680.378727,16.156667
680.472373,16.823333
680.565993,17.623333
680.659585,17.623333
680.753150,17.690000
680.846688,16.890000
680.940199,16.090000
681.033684,16.023333
681.127141,15.556667
681.220571,15.490000
681.313975,14.690000
681.407351,14.956667
681.500700,15.290000
681.594023,15.956667
681.687318,15.556667
681.780587,14.356667
681.873828,13.956667
681.967042,15.823333
682.060230,16.490000
682.153390,16.156667
682.246524,14.823333
682.339630,15.156667
682.432710,14.490000
682.525762,13.956667
682.618788,13.956667
682.711786,14.623333
682.804757,15.023333
682.897702,15.156667
682.990619,14.956667
683.083510,14.290000
683.176373,14.090000
683.269210,14.223333
683.362019,15.223333
683.454801,14.890000
683.547557,15.023333
683.640285,14.490000
683.732986,14.156667
683.825661,14.490000
683.918308,14.956667
684.010928,14.690000
684.103522,14.356667
684.196088,14.023333
684.288627,14.956667
684.381139,15.423333
684.473624,14.890000
684.566082,15.290000
684.658514,14.823333
684.750918,15.090000
684.843295,15.090000
684.935645,15.023333
685.027968,15.156667
685.120264,14.156667
685.212533,15.090000
685.304774,15.090000
685.396989,15.690000
685.489177,14.956667
685.581338,15.623333
685.673471,15.356667
685.765578,15.756667
685.857658,15.356667
685.949710,15.956667
686.041736,16.356667
686.133734,16.823333
686.225706,17.290000
686.317650,16.890000
686.409567,16.956667
686.501458,16.690000
686.593321,17.956667
686.685157,18.556667
686.776966,20.156667
686.868748,20.823333
686.960503,22.890000
687.052231,23.290000
687.143932,24.423333
687.235606,23.623333
687.327252,24.890000
687.418872,25.756667
687.510465,27.223333
687.602030,26.423333
687.693569,25.156667
687.785080,23.956667
687.876564,23.623333
687.968021,23.556667
688.059452,23.023333
688.150855,23.090000
688.242231,22.290000
688.333580,21.423333
688.424901,19.823333
688.516196,19.356667
688.607464,19.756667
688.698704,19.690000
688.789918,18.356667
688.881104,17.090000
688.972264,16.756667
689.063396,17.490000
689.154501,16.623333
689.245579,16.490000
689.336630,15.223333
689.427654,15.956667
689.518651,15.290000
689.609620,15.423333
689.700563,14.690000
689.791478,14.690000
689.882367,15.290000
689.973228,16.090000
690.064062,17.756667
690.154869,18.023333
690.245649,18.090000
690.336402,17.756667
690.427128,18.756667
690.517826,19.890000
690.608498,20.223333
690.699142,20.556667
690.789759,21.090000
690.880350,20.556667
690.970913,20.490000
691.061449,20.090000
691.151957,20.890000
691.242439,21.290000
691.332894,22.490000
691.423321,23.756667
691.513721,25.956667
691.604095,30.756667
691.694441,41.690000
691.784760,62.556667
691.875051,99.623333
691.965316,153.690000
692.055554,208.690000
692.145764,243.156667
692.235947,240.356667
692.326104,205.023333
692.416233,155.690000
692.506334,110.290000
692.596409,80.490000
692.686457,63.956667
692.776477,58.023333
692.866471,56.490000
692.956437,61.023333
693.046376,70.623333
693.136288,92.356667
693.226172,134.356667
693.316030,203.356667
693.405860,294.023333
693.495664,381.356667
693.585440,442.423333
693.675189,454.423333
693.764911,408.423333
693.854605,322.223333
693.944273,228.890000
694.033913,156.823333
694.123526,108.490000
694.213112,78.756667
694.302671,59.690000
694.392203,49.223333
694.481707,40.090000
694.571185,35.356667
694.660635,31.556667
694.750058,30.223333
694.839454,28.690000
694.928822,27.223333
695.018164,25.156667
695.107478,23.023333
695.196765,22.690000
695.286025,21.690000
695.375258,22.890000
695.464464,22.556667
695.553642,22.956667
695.642793,21.823333
695.731918,20.623333
695.821014,19.223333
695.910084,18.890000
695.999127,18.223333
696.088142,18.090000
696.177130,16.823333
696.266091,16.690000
696.355025,16.823333
696.443931,16.423333
696.532811,16.356667
696.621663,16.556667
696.710488,17.290000
696.799286,17.556667
696.888056,17.490000
696.976799,17.756667
697.065516,17.623333
697.154205,18.156667
697.242866,17.556667
697.331501,16.690000
697.420108,15.823333
697.508688,15.556667
697.597241,16.090000
697.685767,16.090000
697.774265,17.023333
697.862737,17.623333
697.951181,17.023333
698.039598,15.823333
698.127987,14.623333
698.216350,15.023333
698.304685,14.956667
698.392993,14.023333
698.481274,13.090000
698.569527,13.223333
698.657753,14.490000
698.745953,16.890000
698.834124,18.423333
698.922269,19.823333
699.010386,19.023333
699.098477,18.423333
699.186539,17.690000
699.274575,16.356667
699.362584,15.356667
699.450565,14.690000
699.538519,15.356667
699.626445,15.623333
699.714345,14.890000
699.802217,13.956667
699.890062,13.623333
699.977880,13.156667
700.065671,13.090000
700.153434,13.556667
700.241170,13.756667
700.328879,14.890000
700.416560,15.023333
700.504214,15.623333
700.591841,15.223333
700.679441,16.223333
700.767014,18.356667
700.854559,20.956667
700.942077,23.156667
701.029568,25.090000
701.117031,25.956667
701.204467,24.690000
701.291876,21.756667
701.379258,19.223333
701.466612,16.823333
701.553939,15.690000
701.641239,14.756667
701.728512,14.823333
701.815757,14.556667
701.902975,14.023333
701.990166,13.290000
702.077330,13.623333
702.164466,13.090000
702.251575,13.756667
702.338657,13.823333
702.425711,14.023333
702.512738,13.690000
702.599738,13.490000
702.686710,14.423333
702.773656,15.223333
702.860574,15.090000
702.947464,15.156667
703.034328,14.823333
703.121164,15.756667
703.207973,16.823333
703.294754,17.356667
703.381509,17.556667
703.468235,16.956667
703.554935,17.090000
703.641607,17.490000
703.728253,19.090000
703.814870,19.890000
703.901461,22.156667
703.988024,23.623333
704.074560,25.823333
704.161068,25.623333
704.247549,25.290000
704.334003,25.290000
704.420430,24.823333
704.506829,23.690000
704.593201,22.156667
704.679546,22.090000
704.765863,21.290000
704.852153,21.023333
704.938416,20.290000
705.024652,21.423333
705.110860,22.090000
705.197040,22.356667
705.283194,23.356667
705.369320,24.490000
705.455419,25.823333
705.541490,25.623333
705.627534,26.023333
705.713551,28.023333
705.799541,30.556667
705.885503,32.023333
705.971438,33.090000
706.057345,34.490000
706.143225,37.156667
706.229078,38.956667
706.314904,39.556667
706.400702,40.556667
706.486473,41.423333
706.572216,44.556667
706.657932,45.490000
706.743621,47.290000
706.829282,48.156667
706.914917,50.223333
707.000523,51.290000
707.086103,50.890000
707.171655,50.423333
707.257179,47.490000
707.342677,44.623333
707.428147,42.156667
707.513589,41.090000
707.599005,39.156667
707.684393,35.623333
707.769753,33.756667
707.855086,32.956667
707.940392,31.623333
708.025671,29.956667
708.110922,28.623333
708.196146,29.023333
708.281342,29.956667
708.366511,31.690000
708.451653,35.356667
708.536767,40.090000
708.621854,46.490000
708.706913,53.023333
708.791946,57.956667
708.876950,61.423333
708.961928,62.623333
709.046878,63.890000
709.131800,63.556667
709.216696,60.156667
709.301564,54.490000
709.386404,46.956667
709.471217,40.690000
709.556003,34.623333
709.640761,30.090000
709.725492,26.223333
709.810196,23.823333
709.894872,22.090000
709.979521,20.623333
710.064142,19.556667
710.148736,18.890000
710.233303,18.823333
710.317842,18.690000
710.402354,18.290000
710.486838,18.623333
710.571295,18.956667
710.655725,19.090000
710.740127,18.823333
710.824502,18.956667
710.908849,19.356667
710.993169,19.490000
711.077462,20.490000
711.161727,21.823333
711.245965,23.156667
711.330175,25.023333
711.414358,28.423333
711.498514,32.890000
711.582642,35.623333
711.666743,37.623333
711.750816,39.890000
711.834862,43.823333
711.918880,47.690000
712.002871,51.623333
712.086835,53.023333
712.170771,54.623333
712.254680,54.890000
712.338561,55.490000
712.422415,53.956667
712.506241,52.890000
712.590040,50.756667
712.673812,48.956667
712.757556,46.023333
712.841273,41.890000
712.924962,37.823333
713.008624,33.023333
713.092258,29.756667
713.175865,26.690000
713.259445,24.690000
713.342997,23.823333
713.426522,22.556667
713.510019,21.090000
713.593489,19.290000
713.676931,18.556667
713.760346,18.956667
713.843733,19.023333
713.927093,18.356667
714.010426,17.490000
714.093731,17.090000
714.177008,16.356667
714.260258,16.090000
714.343481,16.423333
714.426676,17.490000
714.509844,17.290000
714.592984,17.223333
714.676097,17.156667
714.759183,17.023333
714.842240,16.223333
714.925271,15.423333
715.008274,14.690000
715.091249,14.556667
715.174197,15.490000
715.257118,15.756667
715.340011,15.623333
715.422877,14.090000
715.505715,14.490000
715.588525,15.090000
715.671309,15.956667
715.754064,15.823333
715.836793,14.490000
715.919493,13.890000
716.002167,13.290000
716.084812,14.223333
716.167431,13.823333
716.250021,14.223333
716.332585,13.956667
716.415121,14.423333
716.497629,14.890000
716.580110,14.956667
716.662563,14.423333
716.744989,13.423333
716.827387,13.090000
716.909758,12.690000
716.992102,12.556667
717.074417,12.823333
717.156706,13.023333
717.238967,13.356667
717.321200,12.556667
717.403406,12.890000
717.485584,12.290000
717.567735,12.690000
717.649858,12.956667
717.731954,13.623333
717.814023,13.356667
717.896063,12.690000
717.978077,11.290000
718.060062,11.890000
718.142021,11.156667
718.223951,11.956667
718.305855,10.823333
718.387730,11.490000
718.469579,11.223333
718.551399,12.223333
718.633192,11.956667
718.714958,12.156667
718.796696,11.423333
718.878407,11.823333
718.960090,11.823333
719.041745,12.156667
719.123373,11.756667
719.204974,11.623333
719.286546,11.356667
719.368092,11.423333
719.449610,10.623333
719.531100,10.623333
719.612563,10.423333
719.693998,10.890000
719.775406,11.290000
719.856786,12.356667
719.938138,13.156667
720.019463,11.823333
720.100761,11.556667
720.182031,11.556667
720.263273,12.890000
720.344488,12.823333
720.425675,12.223333
720.506835,11.556667
720.587967,10.956667
720.669072,10.023333
720.750149,9.956667
720.831199,9.423333
720.912220,10.623333
720.993215,10.423333
721.074182,11.023333
721.155121,11.223333
721.236033,10.823333
721.316917,10.890000
721.397773,9.890000
721.478602,10.223333
721.559404,9.890000
721.640178,10.223333
721.720924,10.756667
721.801643,10.556667
721.882334,10.623333
721.962998,9.623333
722.043634,9.090000
722.124242,8.490000
722.204823,8.423333
722.285376,8.423333
722.365902,8.556667
722.446400,9.223333
722.526870,9.356667
722.607313,8.556667
722.687729,7.356667
722.768116,6.823333
722.848477,7.556667
722.928809,8.156667
723.009114,8.756667
723.089391,9.290000
723.169641,9.556667
723.249863,9.956667
723.330058,9.623333
723.410225,9.556667
723.490364,9.423333
723.570476,8.823333
723.650560,8.756667
723.730617,8.090000
723.810646,7.823333
723.890647,6.890000
723.970621,7.223333
724.050567,7.756667
724.130486,8.490000
724.210377,8.423333
724.290240,9.290000
724.370076,9.290000
724.449884,9.623333
724.529665,8.223333
724.609417,8.890000
724.689143,8.490000
724.768840,9.090000
724.848510,8.356667
724.928153,8.956667
725.007767,8.556667
725.087355,9.023333
725.166914,9.023333
725.246446,8.890000
725.325950,8.223333
725.405427,7.290000
725.484876,7.690000
725.564297,8.223333
725.643691,8.556667
725.723057,8.623333
725.802396,8.690000
725.881706,9.290000
725.960990,10.023333
726.040245,10.023333
726.119473,9.356667
726.198673,8.423333
726.277846,8.556667
726.356991,8.823333
726.436108,8.823333
726.515198,8.623333
726.594260,8.356667
726.673294,8.490000
726.752301,8.156667
726.831280,8.823333
726.910231,9.090000
726.989155,9.223333
727.068051,8.890000
727.146920,8.823333
727.225761,8.423333
727.304574,9.023333
727.383359,8.690000
727.462117,8.823333
727.540847,7.423333
727.619550,7.423333
727.698224,7.290000
727.776871,7.690000
727.855491,7.890000
727.934083,8.490000
728.012647,8.423333
728.091183,8.223333
728.169692,7.823333
728.248173,7.556667
728.326627,7.090000
728.405052,7.223333
728.483450,7.556667
728.561821,7.223333
728.640163,7.623333
728.718479,7.223333
728.796766,8.090000
728.875025,7.556667
728.953257,8.223333
729.031462,7.756667
729.109638,7.756667
729.187787,7.423333
729.265908,7.890000
729.344002,7.423333
729.422068,7.423333
729.500106,7.623333
729.578116,7.556667
729.656099,8.156667
729.734054,7.290000
729.811981,7.956667
729.889881,7.490000
729.967753,7.490000
730.045597,6.823333
730.123414,6.090000
730.201202,6.556667
730.278963,6.756667
730.356697,7.556667
730.434402,7.023333
730.512080,6.490000
730.589731,6.023333
730.667353,6.690000
730.744948,7.556667
730.822515,8.090000
730.900054,8.290000
730.977566,8.223333
731.055050,7.423333
731.132506,6.890000
731.209935,6.956667
731.287335,7.156667
731.364708,7.556667
731.442054,7.156667
731.519371,7.490000
731.596661,6.823333
731.673923,5.956667
731.751158,5.490000
731.828364,5.756667
731.905543,6.756667
731.982694,7.023333
732.059818,6.623333
732.136913,6.690000
732.213981,5.956667
732.291022,6.490000
732.368034,6.890000
732.445019,7.956667
732.521976,7.823333
732.598905,7.490000
732.675806,7.490000
732.752680,6.890000
732.829526,6.490000
732.906344,6.490000
732.983135,7.023333
733.059898,6.756667
733.136633,6.890000
733.213340,6.356667
733.290019,6.756667
733.366671,6.423333
733.443295,6.690000
733.519891,6.223333
733.596459,6.490000
733.673000,6.623333
733.749513,6.490000
733.825998,6.023333
733.902455,5.423333
733.978885,5.690000
734.055287,4.956667
734.131661,5.356667
734.208007,5.756667
734.284326,5.956667
734.360616,5.890000
734.436879,5.823333
734.513114,5.956667
734.589322,5.956667
734.665501,6.090000
734.741653,5.890000
734.817777,6.756667
734.893873,6.423333
734.969942,6.556667
735.045982,5.556667
735.121995,5.356667
735.197980,6.090000
735.273938,6.556667
735.349867,6.623333
735.425769,6.090000
735.501643,5.823333
735.577489,6.490000
735.653307,5.623333
735.729098,5.356667
735.804860,5.090000
735.880595,5.756667
735.956302,5.890000
736.031982,5.490000
736.107633,6.556667
736.183257,6.890000
736.258853,7.090000
736.334421,5.556667
736.409961,5.023333
736.485474,4.690000
736.560958,5.690000
736.636415,5.956667
736.711844,5.956667
736.787245,5.223333
736.862619,5.556667
736.937964,5.623333
737.013282,5.623333
737.088572,5.223333
737.163834,5.090000
737.239068,5.490000
737.314275,5.556667
737.389453,6.023333
737.464604,6.156667
737.539727,6.556667
737.614822,6.556667
737.689890,5.623333
737.764929,5.490000
737.839941,5.823333
737.914925,6.956667
737.989881,7.156667
738.064809,6.690000
738.139709,6.223333
738.214581,5.423333
738.289426,5.556667
738.364243,5.956667
738.439032,6.623333
738.513793,6.090000
738.588526,5.356667
738.663231,4.890000
738.737909,5.490000
738.812559,6.090000
738.887180,6.156667
738.961774,5.556667
739.036340,6.023333
739.110879,6.023333
739.185389,6.356667
739.259872,6.023333
739.334326,5.890000
739.408753,6.023333
739.483152,6.090000
739.557523,6.556667
739.631866,5.756667
739.706182,4.623333
739.780469,4.890000
739.854729,5.156667
739.928961,5.956667
740.003165,5.290000
740.077341,4.956667
740.151489,5.556667
740.225609,6.023333
740.299701,6.956667
740.373766,6.223333
740.447802,5.756667
740.521811,5.890000
740.595792,6.623333
740.669745,6.556667
740.743670,6.090000
740.817567,5.090000
740.891437,4.823333
740.965278,4.423333
741.039092,4.690000
741.112877,5.756667
741.186635,6.090000
741.260365,6.023333
741.334067,5.090000
741.407741,4.156667
741.481387,3.823333
741.555006,3.623333
741.628596,4.756667
741.702159,4.823333
741.775693,5.290000
741.849200,4.756667
741.922679,5.156667
741.996130,5.690000
742.069552,6.223333
742.142948,6.090000
742.216315,5.956667
742.289654,6.023333
742.362965,6.090000
742.436249,6.356667
742.509504,6.756667
742.582732,7.356667
742.655932,6.890000
742.729103,6.956667
742.802247,6.356667
742.875363,7.156667
742.948451,6.623333
743.021511,6.556667
743.094543,5.023333
743.167548,4.890000
743.240524,5.490000
743.313472,6.223333
743.386393,7.356667
743.459285,6.623333
743.532150,6.156667
743.604986,4.890000
743.677795,5.356667
743.750576,5.890000
743.823329,6.423333
743.896054,6.090000
743.968751,5.623333
744.041420,5.223333
744.114061,5.156667
744.186674,5.623333
744.259259,5.823333
744.331816,6.023333
744.404346,5.690000
744.476847,5.690000
744.549320,6.156667
744.621766,6.356667
744.694183,6.423333
744.766573,5.290000
744.838934,4.823333
744.911268,4.890000
744.983574,6.090000
745.055851,6.556667
745.128101,5.956667
745.200323,5.023333
745.272517,4.823333
745.344683,5.156667
745.416820,5.623333
745.488930,5.823333
745.561012,5.956667
745.633066,5.956667
745.705092,5.556667
745.777090,5.623333
745.849061,5.290000
745.921003,5.356667
745.992917,5.223333
746.064803,5.756667
746.136661,6.356667
746.208491,6.556667
746.280294,5.623333
746.352068,5.756667
746.423814,5.890000
746.495532,6.623333
746.567223,6.356667
746.638885,6.090000
746.710519,6.223333
746.782126,6.290000
746.853704,5.690000
746.925254,5.156667
746.996777,4.223333
747.068271,4.423333
747.139737,3.756667
747.211176,4.356667
747.282586,4.956667
747.353968,6.756667
747.425323,6.823333
747.496649,5.823333
747.567947,4.290000
747.639218,4.156667
747.710460,4.356667
747.781675,5.490000
747.852861,5.423333
747.924019,5.223333
747.995149,4.556667
748.066252,4.956667
748.137326,5.290000
748.208372,4.956667
748.279391,4.956667
748.350381,5.023333
748.421343,4.956667
748.492277,4.690000
748.563183,4.490000
748.634062,4.890000
748.704912,4.556667
748.775734,4.356667
748.846528,3.756667
748.917294,3.223333
748.988032,3.223333
749.058742,3.756667
749.129424,3.890000
749.200078,4.223333
749.270704,4.490000
749.341302,4.623333
749.411872,3.823333
749.482413,3.623333
749.552927,3.956667
749.623413,4.090000
749.693871,4.223333
749.764300,4.423333
749.834702,5.690000
749.905075,6.023333
