#30_run03_1aqq.txt
#Wed, Mar 15, 2023, 4:12 PM
#WL (nm), Int (cts)
674.996352,20.996667
675.091533,21.796667
675.186688,21.996667
675.281816,22.063333
675.376916,22.130000
675.471990,21.530000
675.567037,21.263333
675.662057,20.130000
675.757051,20.596667
675.852017,20.263333
675.946956,20.730000
676.041869,20.796667
676.136754,21.730000
676.231613,22.196667
676.326444,22.330000
676.421249,21.796667
676.516027,21.663333
676.610778,20.663333
676.705502,20.730000
676.800199,20.530000
676.894869,21.063333
676.989513,20.596667
677.084129,20.730000
677.178718,20.396667
677.273281,20.663333
677.367816,20.663333
677.462325,20.596667
677.556807,21.396667
677.651261,20.796667
677.745689,20.930000
677.840090,19.796667
677.934464,19.396667
678.028811,19.930000
678.123131,20.330000
678.217424,21.596667
678.311690,21.730000
678.405930,20.396667
678.500142,19.796667
678.594327,19.730000
678.688486,20.530000
678.782617,21.463333
678.876722,21.396667
678.970799,21.796667
679.064850,21.330000
679.158873,20.796667
679.252870,20.396667
679.346840,20.596667
679.440783,20.996667
679.534698,21.663333
679.628587,21.196667
679.722449,20.730000
679.816284,20.396667
679.910092,21.196667
680.003873,21.863333
680.097627,21.263333
680.191354,21.130000
680.285054,20.796667
680.378727,21.196667
680.472373,19.930000
680.565993,19.996667
680.659585,20.396667
680.753150,21.263333
680.846688,21.463333
680.940199,21.263333
681.033684,20.930000
681.127141,20.196667
681.220571,20.330000
681.313975,20.530000
681.407351,20.730000
681.500700,20.930000
681.594023,21.063333
681.687318,20.796667
681.780587,20.663333
681.873828,20.396667
681.967042,22.063333
682.060230,21.196667
682.153390,20.596667
682.246524,19.196667
682.339630,19.663333
682.432710,19.863333
682.525762,19.596667
682.618788,18.596667
682.711786,18.330000
682.804757,18.463333
682.897702,19.263333
682.990619,19.863333
683.083510,20.730000
683.176373,21.196667
683.269210,20.396667
683.362019,19.863333
683.454801,18.930000
683.547557,19.530000
683.640285,18.996667
683.732986,19.996667
683.825661,20.130000
683.918308,19.930000
684.010928,19.796667
684.103522,19.196667
684.196088,18.930000
684.288627,18.196667
684.381139,18.663333
684.473624,19.463333
684.566082,19.730000
684.658514,19.930000
684.750918,20.530000
684.843295,21.130000
684.935645,21.130000
685.027968,20.396667
685.120264,20.263333
685.212533,19.863333
685.304774,20.996667
685.396989,20.996667
685.489177,21.396667
685.581338,20.463333
685.673471,20.596667
685.765578,20.530000
685.857658,20.730000
685.949710,20.596667
686.041736,20.396667
686.133734,20.930000
686.225706,20.930000
686.317650,21.463333
686.409567,21.663333
686.501458,22.930000
686.593321,23.130000
686.685157,23.663333
686.776966,23.863333
686.868748,25.396667
686.960503,26.063333
687.052231,26.930000
687.143932,27.730000
687.235606,28.596667
687.327252,29.196667
687.418872,29.130000
687.510465,28.130000
687.602030,28.996667
687.693569,28.996667
687.785080,30.263333
687.876564,28.663333
687.968021,28.330000
688.059452,27.530000
688.150855,27.463333
688.242231,25.930000
688.333580,24.730000
688.424901,23.530000
688.516196,23.330000
688.607464,23.730000
688.698704,22.130000
688.789918,21.396667
688.881104,19.530000
688.972264,19.330000
689.063396,19.130000
689.154501,18.796667
689.245579,19.730000
689.336630,19.596667
689.427654,19.530000
689.518651,18.863333
689.609620,18.330000
689.700563,19.063333
689.791478,18.796667
689.882367,18.196667
689.973228,17.463333
690.064062,17.730000
690.154869,18.063333
690.245649,18.463333
690.336402,18.530000
690.427128,19.463333
690.517826,19.330000
690.608498,19.530000
690.699142,19.730000
690.789759,20.063333
690.880350,20.130000
690.970913,19.530000
691.061449,19.063333
691.151957,17.996667
691.242439,19.063333
691.332894,19.330000
691.423321,19.930000
691.513721,19.396667
691.604095,19.063333
691.694441,19.530000
691.784760,19.730000
691.875051,21.663333
691.965316,25.663333
692.055554,34.463333
692.145764,48.463333
692.235947,62.530000
692.326104,71.196667
692.416233,70.463333
692.506334,63.263333
692.596409,53.063333
692.686457,42.930000
692.776477,34.996667
692.866471,29.996667
692.956437,29.330000
693.046376,29.930000
693.136288,32.263333
693.226172,34.930000
693.316030,42.596667
693.405860,56.063333
693.495664,78.130000
693.585440,103.663333
693.675189,127.263333
693.764911,138.196667
693.854605,135.330000
693.944273,115.530000
694.033913,89.130000
694.123526,62.796667
694.213112,45.663333
694.302671,36.196667
694.392203,30.263333
694.481707,26.530000
694.571185,23.330000
694.660635,21.996667
694.750058,20.796667
694.839454,19.463333
694.928822,19.196667
695.018164,18.730000
695.107478,18.730000
695.196765,18.596667
695.286025,17.730000
695.375258,17.463333
695.464464,16.596667
695.553642,17.263333
695.642793,17.663333
695.731918,17.463333
695.821014,16.996667
695.910084,15.996667
695.999127,16.396667
696.088142,16.130000
696.177130,16.530000
696.266091,16.130000
696.355025,15.996667
696.443931,15.330000
696.532811,14.996667
696.621663,14.996667
696.710488,14.996667
696.799286,15.263333
696.888056,14.330000
696.976799,14.996667
697.065516,14.796667
697.154205,15.996667
697.242866,15.530000
697.331501,15.263333
697.420108,14.530000
697.508688,14.263333
697.597241,14.063333
697.685767,13.730000
697.774265,14.463333
697.862737,15.063333
697.951181,15.796667
698.039598,15.730000
698.127987,14.596667
698.216350,14.063333
698.304685,13.330000
698.392993,13.863333
698.481274,14.530000
698.569527,14.530000
698.657753,14.930000
698.745953,13.863333
698.834124,13.863333
698.922269,13.663333
699.010386,14.463333
699.098477,14.530000
699.186539,14.530000
699.274575,13.796667
699.362584,14.063333
699.450565,14.863333
699.538519,15.063333
699.626445,14.996667
699.714345,13.730000
699.802217,13.796667
699.890062,13.196667
699.977880,13.463333
700.065671,13.530000
700.153434,14.063333
700.241170,14.130000
700.328879,13.330000
700.416560,13.396667
700.504214,12.996667
700.591841,13.863333
700.679441,14.130000
700.767014,14.530000
700.854559,15.530000
700.942077,14.663333
701.029568,15.596667
701.117031,15.730000
701.204467,16.530000
701.291876,16.063333
701.379258,15.863333
701.466612,15.796667
701.553939,15.263333
701.641239,14.663333
701.728512,14.663333
701.815757,15.263333
701.902975,15.596667
701.990166,15.596667
702.077330,15.063333
702.164466,14.530000
702.251575,14.463333
702.338657,13.930000
702.425711,13.996667
702.512738,13.196667
702.599738,13.930000
702.686710,13.396667
702.773656,15.396667
702.860574,15.330000
702.947464,15.063333
703.034328,14.263333
703.121164,14.596667
703.207973,16.263333
703.294754,16.530000
703.381509,16.396667
703.468235,15.863333
703.554935,16.463333
703.641607,16.996667
703.728253,17.330000
703.814870,17.996667
703.901461,18.263333
703.988024,18.396667
704.074560,17.863333
704.161068,18.063333
704.247549,18.730000
704.334003,18.663333
704.420430,18.863333
704.506829,19.530000
704.593201,19.196667
704.679546,19.196667
704.765863,18.796667
704.852153,19.530000
704.938416,19.730000
705.024652,19.930000
705.110860,20.330000
705.197040,21.796667
705.283194,22.463333
705.369320,23.596667
705.455419,23.396667
705.541490,24.063333
705.627534,24.930000
705.713551,27.063333
705.799541,27.796667
705.885503,29.396667
705.971438,30.130000
706.057345,32.396667
706.143225,33.330000
706.229078,35.663333
706.314904,37.530000
706.400702,39.863333
706.486473,41.396667
706.572216,43.996667
706.657932,45.263333
706.743621,47.263333
706.829282,46.596667
706.914917,47.996667
707.000523,48.396667
707.086103,49.463333
707.171655,47.996667
707.257179,46.196667
707.342677,43.730000
707.428147,41.263333
707.513589,38.996667
707.599005,36.263333
707.684393,34.596667
707.769753,31.796667
707.855086,30.396667
707.940392,28.996667
708.025671,27.996667
708.110922,27.063333
708.196146,27.796667
708.281342,29.863333
708.366511,33.063333
708.451653,35.330000
708.536767,38.730000
708.621854,43.796667
708.706913,50.996667
708.791946,57.463333
708.876950,61.130000
708.961928,63.463333
709.046878,64.330000
709.131800,64.930000
709.216696,61.930000
709.301564,55.796667
709.386404,48.463333
709.471217,40.596667
709.556003,33.796667
709.640761,28.730000
709.725492,25.596667
709.810196,23.796667
709.894872,21.130000
709.979521,19.330000
710.064142,18.663333
710.148736,18.263333
710.233303,17.596667
710.317842,16.796667
710.402354,16.730000
710.486838,16.663333
710.571295,16.530000
710.655725,17.596667
710.740127,18.996667
710.824502,19.730000
710.908849,19.730000
710.993169,19.530000
711.077462,20.530000
711.161727,21.596667
711.245965,22.796667
711.330175,24.130000
711.414358,25.730000
711.498514,28.196667
711.582642,31.463333
711.666743,35.196667
711.750816,38.263333
711.834862,41.263333
711.918880,43.463333
712.002871,46.196667
712.086835,49.196667
712.170771,51.196667
712.254680,51.263333
712.338561,50.530000
712.422415,49.330000
712.506241,48.463333
712.590040,45.530000
712.673812,42.663333
712.757556,39.796667
712.841273,37.196667
712.924962,33.996667
713.008624,30.330000
713.092258,26.330000
713.175865,23.730000
713.259445,21.730000
713.342997,20.996667
713.426522,19.396667
713.510019,18.530000
713.593489,17.063333
713.676931,16.796667
713.760346,15.730000
713.843733,15.996667
713.927093,15.796667
714.010426,15.530000
714.093731,14.863333
714.177008,13.663333
714.260258,13.396667
714.343481,13.396667
714.426676,13.330000
714.509844,12.530000
714.592984,12.396667
714.676097,12.730000
714.759183,13.196667
714.842240,12.330000
714.925271,12.996667
715.008274,13.330000
715.091249,13.863333
715.174197,13.196667
715.257118,12.396667
715.340011,12.263333
715.422877,11.396667
715.505715,10.863333
715.588525,10.596667
715.671309,11.263333
715.754064,11.463333
715.836793,10.530000
715.919493,10.863333
716.002167,11.063333
716.084812,11.596667
716.167431,11.263333
716.250021,11.396667
716.332585,11.196667
716.415121,10.596667
716.497629,11.263333
716.580110,11.330000
716.662563,11.263333
716.744989,11.996667
716.827387,12.530000
716.909758,12.196667
716.992102,10.796667
717.074417,10.996667
717.156706,11.196667
717.238967,10.663333
717.321200,9.530000
717.403406,9.263333
717.485584,9.996667
717.567735,10.196667
717.649858,10.996667
717.731954,10.930000
717.814023,9.996667
717.896063,9.730000
717.978077,9.330000
718.060062,10.996667
718.142021,10.796667
718.223951,10.996667
718.305855,10.530000
718.387730,10.330000
718.469579,9.596667
718.551399,9.596667
718.633192,9.730000
718.714958,10.930000
718.796696,10.863333
718.878407,11.596667
718.960090,10.663333
719.041745,10.130000
719.123373,9.596667
719.204974,9.396667
719.286546,9.463333
719.368092,9.063333
719.449610,9.063333
719.531100,8.863333
719.612563,9.730000
719.693998,9.663333
719.775406,9.996667
719.856786,9.263333
719.938138,9.463333
720.019463,10.330000
720.100761,10.330000
720.182031,10.263333
720.263273,9.463333
720.344488,9.730000
720.425675,10.063333
720.506835,9.396667
720.587967,9.930000
720.669072,10.130000
720.750149,11.263333
720.831199,10.463333
720.912220,10.596667
720.993215,10.196667
721.074182,10.596667
721.155121,10.263333
721.236033,10.130000
721.316917,9.796667
721.397773,9.663333
721.478602,9.330000
721.559404,9.063333
721.640178,8.663333
721.720924,9.130000
721.801643,9.063333
721.882334,9.330000
721.962998,9.063333
722.043634,8.396667
722.124242,8.530000
722.204823,8.530000
722.285376,9.330000
722.365902,9.663333
722.446400,9.263333
722.526870,8.930000
722.607313,8.663333
722.687729,9.196667
722.768116,9.463333
722.848477,9.996667
722.928809,10.130000
723.009114,9.396667
723.089391,8.396667
723.169641,8.330000
723.249863,9.263333
723.330058,10.130000
723.410225,9.796667
723.490364,10.130000
723.570476,8.796667
723.650560,8.263333
723.730617,7.263333
723.810646,7.330000
723.890647,7.796667
723.970621,7.530000
724.050567,7.530000
724.130486,7.596667
724.210377,8.796667
724.290240,9.596667
724.370076,9.796667
724.449884,8.730000
724.529665,8.463333
724.609417,7.663333
724.689143,7.463333
724.768840,7.330000
724.848510,7.996667
724.928153,8.796667
725.007767,8.263333
725.087355,8.396667
725.166914,8.663333
725.246446,8.596667
725.325950,8.196667
725.405427,7.663333
725.484876,8.396667
725.564297,9.130000
725.643691,9.330000
725.723057,9.196667
725.802396,7.263333
725.881706,7.063333
725.960990,6.863333
726.040245,8.263333
726.119473,8.863333
726.198673,9.596667
726.277846,9.796667
726.356991,9.530000
726.436108,8.996667
726.515198,8.596667
726.594260,7.930000
726.673294,7.863333
726.752301,8.396667
726.831280,9.130000
726.910231,9.330000
726.989155,9.330000
727.068051,8.863333
727.146920,8.463333
727.225761,7.730000
727.304574,8.196667
727.383359,8.596667
727.462117,8.530000
727.540847,8.530000
727.619550,8.596667
727.698224,9.196667
727.776871,8.863333
727.855491,8.463333
727.934083,8.263333
728.012647,7.330000
728.091183,7.796667
728.169692,7.663333
728.248173,8.330000
728.326627,7.463333
728.405052,6.996667
728.483450,7.663333
728.561821,8.463333
728.640163,9.063333
728.718479,8.730000
728.796766,8.796667
728.875025,9.063333
728.953257,9.063333
729.031462,8.330000
729.109638,7.530000
729.187787,7.730000
729.265908,8.730000
729.344002,8.463333
729.422068,8.263333
729.500106,7.596667
729.578116,7.863333
729.656099,7.330000
729.734054,7.330000
729.811981,7.330000
729.889881,6.996667
729.967753,6.930000
730.045597,6.930000
730.123414,7.330000
730.201202,7.196667
730.278963,7.196667
730.356697,7.396667
730.434402,6.863333
730.512080,6.863333
730.589731,7.996667
730.667353,8.130000
730.744948,8.463333
730.822515,7.463333
730.900054,6.996667
730.977566,7.196667
731.055050,7.796667
731.132506,9.130000
731.209935,9.330000
731.287335,8.330000
731.364708,7.463333
731.442054,6.796667
731.519371,7.330000
731.596661,7.463333
731.673923,7.063333
731.751158,6.396667
731.828364,6.996667
731.905543,7.463333
731.982694,7.463333
732.059818,7.263333
732.136913,7.130000
732.213981,7.063333
732.291022,7.263333
732.368034,7.263333
732.445019,7.730000
732.521976,7.063333
732.598905,6.730000
732.675806,5.930000
732.752680,5.263333
732.829526,5.063333
732.906344,5.996667
732.983135,6.796667
733.059898,6.996667
733.136633,6.130000
733.213340,6.530000
733.290019,6.863333
733.366671,7.730000
733.443295,7.930000
733.519891,8.596667
733.596459,8.730000
733.673000,8.663333
733.749513,8.130000
733.825998,7.663333
733.902455,7.596667
733.978885,7.063333
734.055287,6.930000
734.131661,7.196667
734.208007,7.996667
734.284326,7.996667
734.360616,7.530000
734.436879,7.196667
734.513114,6.996667
734.589322,7.196667
734.665501,7.463333
734.741653,7.463333
734.817777,6.796667
734.893873,6.596667
734.969942,6.663333
735.045982,6.463333
735.121995,6.863333
735.197980,6.663333
735.273938,6.663333
735.349867,5.596667
735.425769,5.330000
735.501643,5.263333
735.577489,6.330000
735.653307,6.996667
735.729098,7.396667
735.804860,7.130000
735.880595,6.796667
735.956302,6.596667
736.031982,6.530000
736.107633,5.996667
736.183257,5.996667
736.258853,6.063333
736.334421,5.863333
736.409961,5.863333
736.485474,5.730000
736.560958,7.063333
736.636415,6.796667
736.711844,6.130000
736.787245,5.730000
736.862619,5.396667
736.937964,5.930000
737.013282,5.330000
737.088572,6.263333
737.163834,5.396667
737.239068,6.063333
737.314275,6.596667
737.389453,7.196667
737.464604,6.796667
737.539727,5.663333
737.614822,6.196667
737.689890,5.796667
737.764929,6.063333
737.839941,5.796667
737.914925,6.663333
737.989881,6.530000
738.064809,6.996667
738.139709,6.996667
738.214581,6.330000
738.289426,6.263333
738.364243,5.996667
738.439032,6.130000
738.513793,5.063333
738.588526,4.663333
738.663231,5.330000
738.737909,6.130000
738.812559,6.396667
738.887180,5.930000
738.961774,5.530000
739.036340,5.530000
739.110879,5.996667
739.185389,6.130000
739.259872,6.463333
739.334326,5.930000
739.408753,5.396667
739.483152,5.463333
739.557523,6.330000
739.631866,6.730000
739.706182,5.796667
739.780469,5.196667
739.854729,5.396667
739.928961,5.996667
740.003165,6.863333
740.077341,7.063333
740.151489,7.196667
740.225609,6.396667
740.299701,6.063333
740.373766,6.596667
740.447802,7.663333
740.521811,7.396667
740.595792,6.863333
740.669745,5.530000
740.743670,5.530000
740.817567,5.463333
740.891437,5.996667
740.965278,6.930000
741.039092,6.930000
741.112877,7.196667
741.186635,6.263333
741.260365,5.930000
741.334067,4.863333
741.407741,4.796667
741.481387,4.930000
741.555006,6.130000
741.628596,6.530000
741.702159,6.396667
741.775693,5.330000
741.849200,5.796667
741.922679,5.596667
741.996130,6.463333
742.069552,5.730000
742.142948,6.330000
742.216315,6.396667
742.289654,6.863333
742.362965,7.263333
742.436249,7.863333
742.509504,7.663333
742.582732,6.996667
742.655932,6.196667
742.729103,6.530000
742.802247,6.930000
742.875363,7.130000
742.948451,6.930000
743.021511,6.996667
743.094543,6.930000
743.167548,7.063333
743.240524,6.396667
743.313472,5.530000
743.386393,5.196667
743.459285,5.130000
743.532150,5.463333
743.604986,6.396667
743.677795,5.863333
743.750576,6.330000
743.823329,5.730000
743.896054,6.063333
743.968751,5.996667
744.041420,4.730000
744.114061,4.996667
744.186674,4.396667
744.259259,4.930000
744.331816,5.063333
744.404346,5.530000
744.476847,5.930000
744.549320,5.330000
744.621766,5.263333
744.694183,4.730000
744.766573,5.263333
744.838934,4.530000
744.911268,4.930000
744.983574,4.663333
745.055851,5.463333
745.128101,5.196667
745.200323,5.596667
745.272517,5.196667
745.344683,5.396667
745.416820,5.730000
745.488930,6.130000
745.561012,5.930000
745.633066,5.730000
745.705092,5.330000
745.777090,5.863333
745.849061,5.596667
745.921003,5.730000
745.992917,5.196667
746.064803,5.063333
746.136661,5.130000
746.208491,5.196667
746.280294,4.996667
746.352068,4.663333
746.423814,4.396667
746.495532,5.063333
746.567223,6.330000
746.638885,7.063333
746.710519,6.996667
746.782126,6.196667
746.853704,5.530000
746.925254,5.530000
746.996777,4.796667
747.068271,5.263333
747.139737,4.930000
747.211176,5.530000
747.282586,5.330000
747.353968,5.863333
747.425323,6.130000
747.496649,5.130000
747.567947,4.196667
747.639218,4.130000
747.710460,4.996667
747.781675,5.463333
747.852861,5.730000
747.924019,5.196667
747.995149,5.196667
748.066252,4.063333
748.137326,4.196667
748.208372,4.396667
748.279391,4.930000
748.350381,4.463333
748.421343,4.130000
748.492277,3.663333
748.563183,4.063333
748.634062,4.463333
748.704912,5.063333
748.775734,5.596667
748.846528,4.663333
748.917294,4.330000
748.988032,4.130000
749.058742,4.796667
749.129424,5.130000
749.200078,4.863333
749.270704,4.596667
749.341302,3.930000
749.411872,4.063333
749.482413,3.996667
749.552927,3.930000
749.623413,4.930000
749.693871,5.396667
749.764300,5.796667
749.834702,4.996667
749.905075,4.596667
