#34_run03_1aqq.txt
#Wed, Mar 15, 2023, 4:25 PM
#WL (nm), Int (cts)
674.996352,20.953333
675.091533,20.953333
675.186688,20.686667
675.281816,20.686667
675.376916,21.286667
675.471990,22.086667
675.567037,22.753333
675.662057,21.820000
675.757051,21.553333
675.852017,21.820000
675.946956,22.353333
676.041869,21.820000
676.136754,21.553333
676.231613,21.420000
676.326444,21.886667
676.421249,21.353333
676.516027,21.086667
676.610778,20.286667
676.705502,19.753333
676.800199,19.420000
676.894869,19.553333
676.989513,19.620000
677.084129,19.220000
677.178718,19.420000
677.273281,19.686667
677.367816,20.220000
677.462325,20.353333
677.556807,20.753333
677.651261,20.553333
677.745689,20.553333
677.840090,20.753333
677.934464,21.886667
678.028811,21.620000
678.123131,21.486667
678.217424,21.420000
678.311690,21.486667
678.405930,21.153333
678.500142,20.020000
678.594327,19.753333
678.688486,19.553333
678.782617,19.953333
678.876722,20.553333
678.970799,21.220000
679.064850,21.220000
679.158873,21.553333
679.252870,20.686667
679.346840,20.886667
679.440783,19.953333
679.534698,20.620000
679.628587,21.086667
679.722449,21.286667
679.816284,21.220000
679.910092,21.886667
680.003873,21.953333
680.097627,21.553333
680.191354,20.820000
680.285054,21.020000
680.378727,21.886667
680.472373,22.420000
680.565993,22.420000
680.659585,21.953333
680.753150,21.353333
680.846688,21.420000
680.940199,20.686667
681.033684,20.753333
681.127141,20.353333
681.220571,21.153333
681.313975,20.153333
681.407351,20.553333
681.500700,20.753333
681.594023,21.220000
681.687318,20.620000
681.780587,20.220000
681.873828,19.686667
681.967042,21.420000
682.060230,21.420000
682.153390,21.086667
682.246524,20.020000
682.339630,19.486667
682.432710,19.886667
682.525762,19.220000
682.618788,20.286667
682.711786,20.553333
682.804757,20.753333
682.897702,19.753333
682.990619,19.753333
683.083510,20.020000
683.176373,19.620000
683.269210,19.620000
683.362019,19.020000
683.454801,19.286667
683.547557,18.686667
683.640285,19.086667
683.732986,19.486667
683.825661,21.086667
683.918308,20.953333
684.010928,21.020000
684.103522,19.753333
684.196088,19.486667
684.288627,19.620000
684.381139,20.020000
684.473624,20.286667
684.566082,19.820000
684.658514,19.953333
684.750918,20.086667
684.843295,20.086667
684.935645,19.353333
685.027968,19.486667
685.120264,20.353333
685.212533,21.620000
685.304774,21.686667
685.396989,22.153333
685.489177,21.953333
685.581338,21.753333
685.673471,20.886667
685.765578,20.553333
685.857658,20.820000
685.949710,21.286667
686.041736,21.753333
686.133734,21.353333
686.225706,21.153333
686.317650,21.153333
686.409567,21.886667
686.501458,22.886667
686.593321,23.886667
686.685157,24.820000
686.776966,24.620000
686.868748,25.020000
686.960503,25.420000
687.052231,26.486667
687.143932,27.886667
687.235606,28.086667
687.327252,28.886667
687.418872,28.620000
687.510465,29.153333
687.602030,28.753333
687.693569,29.220000
687.785080,29.553333
687.876564,29.220000
687.968021,28.020000
688.059452,26.620000
688.150855,25.886667
688.242231,24.753333
688.333580,24.153333
688.424901,23.086667
688.516196,22.753333
688.607464,21.886667
688.698704,21.420000
688.789918,20.686667
688.881104,21.420000
688.972264,21.620000
689.063396,21.086667
689.154501,19.686667
689.245579,18.953333
689.336630,19.353333
689.427654,19.686667
689.518651,19.886667
689.609620,19.086667
689.700563,18.553333
689.791478,19.153333
689.882367,19.686667
689.973228,19.686667
690.064062,19.286667
690.154869,19.353333
690.245649,19.620000
690.336402,19.553333
690.427128,19.086667
690.517826,18.886667
690.608498,19.286667
690.699142,20.020000
690.789759,20.820000
690.880350,20.353333
690.970913,19.486667
691.061449,18.086667
691.151957,17.820000
691.242439,18.153333
691.332894,18.220000
691.423321,17.353333
691.513721,17.220000
691.604095,17.286667
691.694441,18.486667
691.784760,20.020000
691.875051,24.353333
691.965316,32.553333
692.055554,44.753333
692.145764,57.420000
692.235947,65.686667
692.326104,65.086667
692.416233,57.353333
692.506334,45.420000
692.596409,35.820000
692.686457,28.686667
692.776477,25.486667
692.866471,23.486667
692.956437,25.220000
693.046376,26.686667
693.136288,31.153333
693.226172,36.420000
693.316030,48.886667
693.405860,69.486667
693.495664,97.753333
693.585440,122.820000
693.675189,133.020000
693.764911,123.553333
693.854605,101.220000
693.944273,75.286667
694.033913,54.286667
694.123526,39.486667
694.213112,31.220000
694.302671,26.620000
694.392203,23.620000
694.481707,22.820000
694.571185,20.686667
694.660635,20.886667
694.750058,19.486667
694.839454,19.886667
694.928822,18.286667
695.018164,16.686667
695.107478,16.420000
695.196765,17.820000
695.286025,19.353333
695.375258,19.020000
695.464464,17.286667
695.553642,15.753333
695.642793,16.153333
695.731918,16.086667
695.821014,15.420000
695.910084,14.353333
695.999127,14.553333
696.088142,15.286667
696.177130,14.953333
696.266091,14.886667
696.355025,15.086667
696.443931,15.553333
696.532811,14.553333
696.621663,15.020000
696.710488,14.753333
696.799286,16.286667
696.888056,15.286667
696.976799,15.753333
697.065516,14.153333
697.154205,14.420000
697.242866,13.620000
697.331501,15.020000
697.420108,14.820000
697.508688,15.086667
697.597241,15.553333
697.685767,15.686667
697.774265,15.553333
697.862737,14.486667
697.951181,14.286667
698.039598,13.886667
698.127987,13.220000
698.216350,13.886667
698.304685,14.486667
698.392993,14.686667
698.481274,13.820000
698.569527,14.153333
698.657753,14.086667
698.745953,14.286667
698.834124,13.420000
698.922269,14.420000
699.010386,14.420000
699.098477,15.020000
699.186539,14.153333
699.274575,14.286667
699.362584,14.220000
699.450565,14.486667
699.538519,14.220000
699.626445,14.686667
699.714345,14.686667
699.802217,14.620000
699.890062,14.886667
699.977880,14.953333
700.065671,15.686667
700.153434,15.020000
700.241170,15.353333
700.328879,14.353333
700.416560,14.486667
700.504214,13.753333
700.591841,14.353333
700.679441,14.353333
700.767014,15.153333
700.854559,15.153333
700.942077,14.553333
701.029568,15.420000
701.117031,16.353333
701.204467,18.020000
701.291876,17.753333
701.379258,17.953333
701.466612,16.153333
701.553939,14.953333
701.641239,13.553333
701.728512,14.820000
701.815757,14.820000
701.902975,15.486667
701.990166,14.553333
702.077330,14.486667
702.164466,14.153333
702.251575,13.886667
702.338657,15.086667
702.425711,14.553333
702.512738,15.686667
702.599738,15.153333
702.686710,16.220000
702.773656,15.153333
702.860574,14.620000
702.947464,14.286667
703.034328,14.886667
703.121164,16.420000
703.207973,16.486667
703.294754,16.886667
703.381509,15.553333
703.468235,15.820000
703.554935,15.553333
703.641607,16.686667
703.728253,16.820000
703.814870,18.553333
703.901461,18.686667
703.988024,19.886667
704.074560,19.620000
704.161068,19.620000
704.247549,19.420000
704.334003,18.753333
704.420430,19.020000
704.506829,18.753333
704.593201,19.153333
704.679546,18.753333
704.765863,19.153333
704.852153,19.486667
704.938416,20.486667
705.024652,21.220000
705.110860,21.686667
705.197040,22.353333
705.283194,22.420000
705.369320,23.686667
705.455419,24.353333
705.541490,24.820000
705.627534,24.953333
705.713551,25.153333
705.799541,27.020000
705.885503,28.620000
705.971438,30.153333
706.057345,31.820000
706.143225,33.286667
706.229078,36.286667
706.314904,37.820000
706.400702,39.553333
706.486473,40.886667
706.572216,43.353333
706.657932,45.420000
706.743621,47.153333
706.829282,47.820000
706.914917,48.553333
707.000523,48.420000
707.086103,47.886667
707.171655,46.420000
707.257179,45.420000
707.342677,43.820000
707.428147,42.086667
707.513589,39.553333
707.599005,36.420000
707.684393,34.086667
707.769753,32.553333
707.855086,31.353333
707.940392,29.886667
708.025671,27.953333
708.110922,26.953333
708.196146,27.020000
708.281342,28.686667
708.366511,30.953333
708.451653,33.953333
708.536767,38.153333
708.621854,43.686667
708.706913,51.353333
708.791946,56.553333
708.876950,60.620000
708.961928,61.086667
709.046878,62.420000
709.131800,63.020000
709.216696,60.553333
709.301564,55.286667
709.386404,47.820000
709.471217,40.286667
709.556003,33.686667
709.640761,27.886667
709.725492,24.953333
709.810196,22.886667
709.894872,21.286667
709.979521,20.820000
710.064142,19.753333
710.148736,19.686667
710.233303,19.420000
710.317842,19.353333
710.402354,19.020000
710.486838,17.953333
710.571295,17.353333
710.655725,16.886667
710.740127,17.620000
710.824502,18.353333
710.908849,19.553333
710.993169,19.486667
711.077462,20.153333
711.161727,20.820000
711.245965,22.420000
711.330175,23.020000
711.414358,24.953333
711.498514,26.686667
711.582642,31.486667
711.666743,35.153333
711.750816,39.753333
711.834862,42.353333
711.918880,44.220000
712.002871,47.153333
712.086835,47.820000
712.170771,49.886667
712.254680,49.420000
712.338561,48.953333
712.422415,47.620000
712.506241,46.220000
712.590040,44.420000
712.673812,42.020000
712.757556,39.353333
712.841273,37.286667
712.924962,34.086667
713.008624,29.486667
713.092258,24.953333
713.175865,21.886667
713.259445,20.020000
713.342997,19.353333
713.426522,17.886667
713.510019,16.553333
713.593489,14.486667
713.676931,14.420000
713.760346,14.153333
713.843733,15.153333
713.927093,14.553333
714.010426,14.686667
714.093731,14.353333
714.177008,13.886667
714.260258,13.486667
714.343481,13.420000
714.426676,13.553333
714.509844,13.486667
714.592984,13.953333
714.676097,13.286667
714.759183,13.686667
714.842240,11.886667
714.925271,12.086667
715.008274,11.153333
715.091249,12.086667
715.174197,12.353333
715.257118,13.353333
715.340011,12.620000
715.422877,12.620000
715.505715,11.153333
715.588525,11.086667
715.671309,10.686667
715.754064,11.153333
715.836793,11.086667
715.919493,10.620000
716.002167,10.353333
716.084812,10.753333
716.167431,11.420000
716.250021,12.753333
716.332585,12.553333
716.415121,12.620000
716.497629,12.086667
716.580110,12.220000
716.662563,12.286667
716.744989,11.953333
716.827387,12.353333
716.909758,11.220000
716.992102,11.286667
717.074417,11.020000
717.156706,11.553333
717.238967,10.686667
717.321200,10.020000
717.403406,10.020000
717.485584,10.886667
717.567735,11.353333
717.649858,11.220000
717.731954,10.420000
717.814023,9.820000
717.896063,10.420000
717.978077,10.953333
718.060062,11.953333
718.142021,11.686667
718.223951,10.553333
718.305855,10.086667
718.387730,9.220000
718.469579,10.020000
718.551399,9.753333
718.633192,10.886667
718.714958,10.286667
718.796696,10.020000
718.878407,9.086667
718.960090,9.953333
719.041745,9.486667
719.123373,10.553333
719.204974,10.220000
719.286546,10.820000
719.368092,9.886667
719.449610,9.553333
719.531100,10.086667
719.612563,10.153333
719.693998,10.420000
719.775406,10.220000
719.856786,10.353333
719.938138,10.620000
720.019463,9.686667
720.100761,9.686667
720.182031,9.286667
720.263273,10.286667
720.344488,10.086667
720.425675,11.020000
720.506835,10.220000
720.587967,10.353333
720.669072,8.686667
720.750149,9.020000
720.831199,8.353333
720.912220,9.753333
720.993215,10.020000
721.074182,10.886667
721.155121,10.286667
721.236033,10.753333
721.316917,11.086667
721.397773,11.020000
721.478602,10.286667
721.559404,9.953333
721.640178,9.553333
721.720924,9.220000
721.801643,8.553333
721.882334,8.153333
721.962998,8.486667
722.043634,8.086667
722.124242,8.553333
722.204823,8.420000
722.285376,9.086667
722.365902,9.953333
722.446400,9.353333
722.526870,9.086667
722.607313,8.486667
722.687729,9.420000
722.768116,9.620000
722.848477,9.753333
722.928809,8.820000
723.009114,8.686667
723.089391,8.220000
723.169641,8.420000
723.249863,8.020000
723.330058,8.353333
723.410225,8.286667
723.490364,9.220000
723.570476,8.420000
723.650560,8.553333
723.730617,8.353333
723.810646,8.286667
723.890647,8.553333
723.970621,7.753333
724.050567,8.086667
724.130486,7.953333
724.210377,8.086667
724.290240,8.886667
724.370076,9.353333
724.449884,9.286667
724.529665,9.286667
724.609417,8.620000
724.689143,8.420000
724.768840,8.153333
724.848510,7.753333
724.928153,9.020000
725.007767,9.220000
725.087355,9.686667
725.166914,9.086667
725.246446,8.686667
725.325950,8.486667
725.405427,8.420000
725.484876,8.620000
725.564297,8.353333
725.643691,8.753333
725.723057,8.553333
725.802396,9.220000
725.881706,8.686667
725.960990,8.886667
726.040245,8.220000
726.119473,8.753333
726.198673,8.086667
726.277846,9.286667
726.356991,8.286667
726.436108,9.020000
726.515198,8.286667
726.594260,8.220000
726.673294,8.220000
726.752301,8.086667
726.831280,9.153333
726.910231,8.553333
726.989155,9.086667
727.068051,8.220000
727.146920,9.220000
727.225761,8.286667
727.304574,8.286667
727.383359,7.686667
727.462117,7.886667
727.540847,8.553333
727.619550,7.886667
727.698224,8.553333
727.776871,7.686667
727.855491,8.420000
727.934083,7.886667
728.012647,9.086667
728.091183,8.620000
728.169692,8.220000
728.248173,7.153333
728.326627,7.486667
728.405052,7.753333
728.483450,8.153333
728.561821,7.553333
728.640163,7.686667
728.718479,7.820000
728.796766,8.286667
728.875025,8.753333
728.953257,7.886667
729.031462,7.420000
729.109638,6.153333
729.187787,7.153333
729.265908,7.686667
729.344002,8.420000
729.422068,7.820000
729.500106,7.620000
729.578116,8.286667
729.656099,8.686667
729.734054,8.220000
729.811981,8.086667
729.889881,7.820000
729.967753,7.620000
730.045597,7.220000
730.123414,6.620000
730.201202,7.486667
730.278963,6.953333
730.356697,7.153333
730.434402,6.686667
730.512080,7.220000
730.589731,7.620000
730.667353,7.353333
730.744948,7.220000
730.822515,6.753333
730.900054,7.020000
730.977566,6.220000
731.055050,6.353333
731.132506,6.553333
731.209935,7.153333
731.287335,7.420000
731.364708,7.753333
731.442054,7.886667
731.519371,8.286667
731.596661,7.886667
731.673923,7.886667
731.751158,7.153333
731.828364,7.086667
731.905543,6.953333
731.982694,6.753333
732.059818,7.020000
732.136913,6.953333
732.213981,7.886667
732.291022,7.753333
732.368034,8.553333
732.445019,8.020000
732.521976,8.086667
732.598905,7.686667
732.675806,7.353333
732.752680,7.153333
732.829526,7.420000
732.906344,8.286667
732.983135,7.886667
733.059898,7.686667
733.136633,7.153333
733.213340,7.020000
733.290019,5.953333
733.366671,5.353333
733.443295,5.153333
733.519891,5.420000
733.596459,6.020000
733.673000,6.486667
733.749513,6.420000
733.825998,6.153333
733.902455,6.753333
733.978885,6.953333
734.055287,6.620000
734.131661,6.286667
734.208007,6.486667
734.284326,6.486667
734.360616,5.886667
734.436879,5.420000
734.513114,6.220000
734.589322,6.353333
734.665501,7.286667
734.741653,6.486667
734.817777,6.686667
734.893873,5.886667
734.969942,5.953333
735.045982,6.020000
735.121995,6.086667
735.197980,6.086667
735.273938,6.086667
735.349867,5.886667
735.425769,6.686667
735.501643,6.220000
735.577489,7.220000
735.653307,6.753333
735.729098,7.886667
735.804860,7.086667
735.880595,7.353333
735.956302,5.953333
736.031982,6.086667
736.107633,5.286667
736.183257,5.620000
736.258853,4.953333
736.334421,5.553333
736.409961,5.753333
736.485474,6.220000
736.560958,6.220000
736.636415,6.020000
736.711844,5.553333
736.787245,5.686667
736.862619,5.753333
736.937964,6.353333
737.013282,6.086667
737.088572,6.020000
737.163834,6.353333
737.239068,5.620000
737.314275,5.953333
737.389453,5.886667
737.464604,6.686667
737.539727,7.486667
737.614822,7.486667
737.689890,6.753333
737.764929,5.953333
737.839941,6.220000
737.914925,6.686667
737.989881,6.620000
738.064809,5.486667
738.139709,6.086667
738.214581,6.153333
738.289426,6.686667
738.364243,6.286667
738.439032,6.153333
738.513793,6.620000
738.588526,6.486667
738.663231,6.353333
738.737909,6.420000
738.812559,6.753333
738.887180,7.086667
738.961774,6.553333
739.036340,6.153333
739.110879,5.486667
739.185389,5.553333
739.259872,5.953333
739.334326,6.420000
739.408753,6.686667
739.483152,6.686667
739.557523,6.286667
739.631866,5.753333
739.706182,4.753333
739.780469,5.420000
739.854729,6.286667
739.928961,7.220000
740.003165,6.286667
740.077341,5.153333
740.151489,4.753333
740.225609,6.086667
740.299701,6.820000
740.373766,7.353333
740.447802,6.620000
740.521811,6.286667
740.595792,6.020000
740.669745,6.086667
740.743670,5.886667
740.817567,5.820000
740.891437,5.220000
740.965278,5.086667
741.039092,4.620000
741.112877,5.820000
741.186635,5.953333
741.260365,6.153333
741.334067,4.820000
741.407741,4.553333
741.481387,4.953333
741.555006,5.820000
741.628596,6.086667
741.702159,6.486667
741.775693,7.020000
741.849200,7.353333
741.922679,6.886667
741.996130,6.086667
742.069552,6.020000
742.142948,5.486667
742.216315,5.620000
742.289654,5.686667
742.362965,6.353333
742.436249,6.553333
742.509504,6.953333
742.582732,7.220000
742.655932,6.886667
742.729103,6.953333
742.802247,6.820000
742.875363,7.220000
742.948451,7.086667
743.021511,7.286667
743.094543,7.086667
743.167548,7.086667
743.240524,6.753333
743.313472,6.553333
743.386393,6.620000
743.459285,6.353333
743.532150,6.020000
743.604986,4.686667
743.677795,4.486667
743.750576,4.820000
743.823329,5.553333
743.896054,5.553333
743.968751,5.286667
744.041420,4.753333
744.114061,4.286667
744.186674,4.420000
744.259259,4.753333
744.331816,5.220000
744.404346,5.353333
744.476847,5.086667
744.549320,5.020000
744.621766,4.820000
744.694183,4.086667
744.766573,3.620000
744.838934,3.286667
744.911268,4.620000
744.983574,6.020000
745.055851,6.286667
745.128101,5.220000
745.200323,4.420000
745.272517,4.220000
745.344683,5.486667
745.416820,5.553333
745.488930,6.420000
745.561012,6.220000
745.633066,6.020000
745.705092,5.086667
745.777090,5.420000
745.849061,5.220000
745.921003,5.686667
745.992917,5.086667
746.064803,4.886667
746.136661,4.820000
746.208491,5.086667
746.280294,5.753333
746.352068,6.353333
746.423814,6.953333
746.495532,6.220000
746.567223,6.486667
746.638885,6.153333
746.710519,7.420000
746.782126,6.353333
746.853704,5.220000
746.925254,4.486667
746.996777,4.020000
747.068271,4.753333
747.139737,3.886667
747.211176,4.153333
747.282586,4.086667
747.353968,5.220000
747.425323,5.820000
747.496649,5.420000
747.567947,5.086667
747.639218,5.086667
747.710460,5.220000
747.781675,6.020000
747.852861,5.886667
747.924019,5.753333
747.995149,5.553333
748.066252,4.753333
748.137326,5.286667
748.208372,4.553333
748.279391,5.486667
748.350381,4.553333
748.421343,4.886667
748.492277,4.020000
748.563183,4.753333
748.634062,3.620000
748.704912,3.686667
748.775734,3.086667
748.846528,3.886667
748.917294,4.020000
748.988032,4.153333
749.058742,4.020000
749.129424,4.020000
749.200078,4.886667
749.270704,5.220000
749.341302,5.553333
749.411872,5.353333
749.482413,5.553333
749.552927,5.286667
749.623413,4.486667
749.693871,4.686667
749.764300,4.753333
749.834702,5.753333
749.905075,4.486667
