#43_run03_5aqq.txt
#Wed, Mar 15, 2023, 4:52 PM
#WL (nm), Int (cts)
674.996352,14.000303
675.091533,14.145758
675.186688,14.218485
675.281816,14.491212
675.376916,14.673030
675.471990,15.036667
675.567037,15.018485
675.662057,14.782121
675.757051,14.945758
675.852017,14.836667
675.946956,14.873030
676.041869,14.763939
676.136754,14.509394
676.231613,14.509394
676.326444,14.618485
676.421249,14.545758
676.516027,14.509394
676.610778,14.491212
676.705502,14.691212
676.800199,14.563939
676.894869,14.763939
676.989513,14.800303
677.084129,14.873030
677.178718,15.054848
677.273281,14.909394
677.367816,14.491212
677.462325,14.254848
677.556807,14.200303
677.651261,14.236667
677.745689,14.236667
677.840090,14.491212
677.934464,14.363939
678.028811,14.327576
678.123131,14.291212
678.217424,14.218485
678.311690,14.109394
678.405930,14.436667
678.500142,14.527576
678.594327,14.582121
678.688486,14.654848
678.782617,14.709394
678.876722,14.418485
678.970799,14.673030
679.064850,14.745758
679.158873,14.873030
679.252870,14.873030
679.346840,14.963939
679.440783,14.818485
679.534698,15.054848
679.628587,15.018485
679.722449,15.145758
679.816284,15.091212
679.910092,15.036667
680.003873,15.018485
680.097627,15.145758
680.191354,15.163939
680.285054,15.218485
680.378727,15.454848
680.472373,15.454848
680.565993,15.418485
680.659585,15.491212
680.753150,15.236667
680.846688,14.854848
680.940199,15.000303
681.033684,14.782121
681.127141,14.345758
681.220571,14.200303
681.313975,14.163939
681.407351,14.000303
681.500700,14.018485
681.594023,14.200303
681.687318,14.182121
681.780587,14.309394
681.873828,14.618485
681.967042,14.618485
682.060230,14.563939
682.153390,14.673030
682.246524,14.618485
682.339630,14.418485
682.432710,14.491212
682.525762,14.327576
682.618788,13.836667
682.711786,13.582121
682.804757,13.727576
682.897702,13.600303
682.990619,13.309394
683.083510,13.454848
683.176373,13.545758
683.269210,13.873030
683.362019,14.000303
683.454801,13.873030
683.547557,13.982121
683.640285,13.945758
683.732986,13.873030
683.825661,13.745758
683.918308,13.782121
684.010928,13.945758
684.103522,13.963939
684.196088,14.018485
684.288627,13.654848
684.381139,13.800303
684.473624,13.836667
684.566082,13.800303
684.658514,13.945758
684.750918,14.036667
684.843295,14.218485
684.935645,14.200303
685.027968,14.327576
685.120264,14.436667
685.212533,14.563939
685.304774,14.818485
685.396989,14.582121
685.489177,14.600303
685.581338,14.636667
685.673471,14.745758
685.765578,14.782121
685.857658,14.618485
685.949710,14.727576
686.041736,15.109394
686.133734,15.200303
686.225706,15.345758
686.317650,15.654848
686.409567,16.473030
686.501458,17.200303
686.593321,18.054848
686.685157,18.618485
686.776966,19.345758
686.868748,20.363939
686.960503,21.236667
687.052231,21.600303
687.143932,22.254848
687.235606,22.927576
687.327252,23.673030
687.418872,23.909394
687.510465,23.945758
687.602030,23.673030
687.693569,23.709394
687.785080,23.527576
687.876564,23.036667
687.968021,22.545758
688.059452,22.200303
688.150855,21.491212
688.242231,21.000303
688.333580,20.000303
688.424901,19.327576
688.516196,18.745758
688.607464,18.473030
688.698704,18.036667
688.789918,17.691212
688.881104,17.127576
688.972264,16.582121
689.063396,16.091212
689.154501,16.018485
689.245579,15.618485
689.336630,15.436667
689.427654,15.473030
689.518651,15.382121
689.609620,15.145758
689.700563,15.054848
689.791478,15.163939
689.882367,15.327576
689.973228,15.745758
690.064062,16.091212
690.154869,16.273030
690.245649,16.509394
690.336402,16.982121
690.427128,17.236667
690.517826,17.654848
690.608498,17.982121
690.699142,18.182121
690.789759,18.363939
690.880350,19.036667
690.970913,19.491212
691.061449,21.018485
691.151957,24.854848
691.242439,33.654848
691.332894,48.545758
691.423321,69.127576
691.513721,90.182121
691.604095,108.145758
691.694441,120.236667
691.784760,126.709394
691.875051,129.891212
691.965316,131.709394
692.055554,132.163939
692.145764,129.945758
692.235947,123.054848
692.326104,110.018485
692.416233,92.091212
692.506334,76.091212
692.596409,69.254848
692.686457,79.745758
692.776477,111.545758
692.866471,156.582121
692.956437,204.818485
693.046376,243.854848
693.136288,271.054848
693.226172,286.454848
693.316030,294.418485
693.405860,297.582121
693.495664,296.327576
693.585440,287.909394
693.675189,266.945758
693.764911,229.673030
693.854605,181.891212
693.944273,132.363939
694.033913,92.182121
694.123526,64.036667
694.213112,47.273030
694.302671,37.818485
694.392203,32.109394
694.481707,28.273030
694.571185,25.582121
694.660635,23.763939
694.750058,22.691212
694.839454,21.836667
694.928822,20.673030
695.018164,19.691212
695.107478,19.109394
695.196765,18.236667
695.286025,17.618485
695.375258,17.145758
695.464464,16.618485
695.553642,16.218485
695.642793,16.309394
695.731918,16.127576
695.821014,15.854848
695.910084,16.054848
695.999127,16.054848
696.088142,15.763939
696.177130,15.963939
696.266091,15.891212
696.355025,16.182121
696.443931,16.509394
696.532811,16.982121
696.621663,16.891212
696.710488,16.709394
696.799286,16.654848
696.888056,16.600303
696.976799,16.654848
697.065516,17.073030
697.154205,17.218485
697.242866,17.582121
697.331501,17.527576
697.420108,17.618485
697.508688,17.200303
697.597241,16.891212
697.685767,16.836667
697.774265,16.563939
697.862737,16.473030
697.951181,16.291212
698.039598,15.963939
698.127987,16.145758
698.216350,16.382121
698.304685,16.963939
698.392993,17.727576
698.481274,18.218485
698.569527,18.854848
698.657753,19.291212
698.745953,19.836667
698.834124,19.800303
698.922269,20.109394
699.010386,20.018485
699.098477,19.691212
699.186539,19.091212
699.274575,18.036667
699.362584,16.891212
699.450565,16.236667
699.538519,15.800303
699.626445,15.491212
699.714345,15.200303
699.802217,15.127576
699.890062,14.982121
699.977880,15.127576
700.065671,15.382121
700.153434,16.145758
700.241170,17.654848
700.328879,20.000303
700.416560,22.763939
700.504214,25.327576
700.591841,27.382121
700.679441,28.618485
700.767014,29.254848
700.854559,29.273030
700.942077,29.182121
701.029568,28.727576
701.117031,27.673030
701.204467,26.018485
701.291876,23.473030
701.379258,20.600303
701.466612,17.782121
701.553939,15.527576
701.641239,14.091212
701.728512,13.163939
701.815757,12.891212
701.902975,12.545758
701.990166,12.363939
702.077330,12.418485
702.164466,12.636667
702.251575,12.782121
702.338657,12.927576
702.425711,12.982121
702.512738,12.945758
702.599738,13.018485
702.686710,13.527576
702.773656,13.709394
702.860574,13.982121
702.947464,14.291212
703.034328,14.600303
703.121164,15.454848
703.207973,16.473030
703.294754,17.836667
703.381509,19.545758
703.468235,21.454848
703.554935,23.400303
703.641607,25.254848
703.728253,27.145758
703.814870,28.654848
703.901461,29.945758
703.988024,30.582121
704.074560,30.673030
704.161068,30.382121
704.247549,29.727576
704.334003,28.836667
704.420430,27.509394
704.506829,26.236667
704.593201,24.709394
704.679546,23.327576
704.765863,22.491212
704.852153,21.854848
704.938416,21.745758
705.024652,21.891212
705.110860,22.309394
705.197040,22.836667
705.283194,23.527576
705.369320,24.618485
705.455419,25.491212
705.541490,26.436667
705.627534,27.582121
705.713551,28.618485
705.799541,30.018485
705.885503,31.527576
705.971438,32.982121
706.057345,34.491212
706.143225,35.945758
706.229078,37.309394
706.314904,38.945758
706.400702,40.691212
706.486473,42.491212
706.572216,44.127576
706.657932,45.491212
706.743621,46.673030
706.829282,47.273030
706.914917,47.545758
707.000523,47.454848
707.086103,47.036667
707.171655,46.163939
707.257179,44.836667
707.342677,43.254848
707.428147,41.636667
707.513589,39.563939
707.599005,37.600303
707.684393,35.382121
707.769753,33.800303
707.855086,32.273030
707.940392,31.200303
708.025671,30.909394
708.110922,31.418485
708.196146,32.182121
708.281342,33.745758
708.366511,35.854848
708.451653,38.654848
708.536767,41.945758
708.621854,45.309394
708.706913,48.618485
708.791946,51.618485
708.876950,53.509394
708.961928,54.473030
709.046878,54.091212
709.131800,53.291212
709.216696,51.418485
709.301564,48.582121
709.386404,45.127576
709.471217,41.145758
709.556003,37.073030
709.640761,33.036667
709.725492,29.109394
709.810196,25.963939
709.894872,23.309394
709.979521,21.600303
710.064142,20.182121
710.148736,19.236667
710.233303,18.636667
710.317842,18.218485
710.402354,18.327576
710.486838,18.363939
710.571295,18.200303
710.655725,18.509394
710.740127,18.909394
710.824502,19.345758
710.908849,19.927576
710.993169,20.563939
711.077462,21.491212
711.161727,22.709394
711.245965,24.545758
711.330175,26.436667
711.414358,28.763939
711.498514,31.454848
711.582642,34.291212
711.666743,37.418485
711.750816,40.291212
711.834862,43.000303
711.918880,45.654848
712.002871,47.745758
712.086835,49.582121
712.170771,50.982121
712.254680,51.254848
712.338561,51.036667
712.422415,50.327576
712.506241,48.963939
712.590040,46.836667
712.673812,44.382121
712.757556,41.873030
712.841273,38.963939
712.924962,36.436667
713.008624,33.727576
713.092258,30.745758
713.175865,28.509394
713.259445,26.163939
713.342997,24.309394
713.426522,22.763939
713.510019,21.545758
713.593489,20.600303
713.676931,19.763939
713.760346,19.218485
713.843733,18.436667
713.927093,18.109394
714.010426,17.818485
714.093731,17.600303
714.177008,17.454848
714.260258,17.218485
714.343481,16.654848
714.426676,16.363939
714.509844,16.291212
714.592984,16.163939
714.676097,15.673030
714.759183,15.600303
714.842240,15.073030
714.925271,14.745758
715.008274,14.382121
715.091249,14.327576
715.174197,14.054848
715.257118,14.018485
715.340011,13.982121
715.422877,13.782121
715.505715,13.618485
715.588525,13.709394
715.671309,13.563939
715.754064,13.545758
715.836793,13.527576
715.919493,13.400303
716.002167,13.236667
716.084812,13.145758
716.167431,13.054848
716.250021,12.873030
716.332585,12.836667
716.415121,12.891212
716.497629,12.782121
716.580110,12.782121
716.662563,12.691212
716.744989,12.673030
716.827387,12.636667
716.909758,12.400303
716.992102,12.236667
717.074417,12.073030
717.156706,11.818485
717.238967,11.709394
717.321200,11.654848
717.403406,11.745758
717.485584,11.854848
717.567735,11.709394
717.649858,11.763939
717.731954,11.763939
717.814023,11.836667
717.896063,11.854848
717.978077,12.018485
718.060062,12.254848
718.142021,12.163939
718.223951,11.873030
718.305855,11.982121
718.387730,11.654848
718.469579,11.545758
718.551399,11.545758
718.633192,11.436667
718.714958,11.254848
718.796696,11.254848
718.878407,11.109394
718.960090,10.945758
719.041745,10.963939
719.123373,11.200303
719.204974,10.873030
719.286546,10.982121
719.368092,11.236667
719.449610,11.000303
719.531100,11.073030
719.612563,11.327576
719.693998,11.309394
719.775406,11.254848
719.856786,11.054848
719.938138,10.909394
720.019463,10.782121
720.100761,10.818485
720.182031,10.582121
720.263273,10.527576
720.344488,10.545758
720.425675,10.491212
720.506835,10.363939
720.587967,10.218485
720.669072,10.145758
720.750149,10.327576
720.831199,10.509394
720.912220,10.382121
720.993215,10.473030
721.074182,10.473030
721.155121,10.400303
721.236033,10.454848
721.316917,10.327576
721.397773,10.182121
721.478602,10.218485
721.559404,10.073030
721.640178,9.818485
721.720924,9.527576
721.801643,9.218485
721.882334,9.073030
721.962998,8.745758
722.043634,8.527576
722.124242,8.182121
722.204823,8.236667
722.285376,8.091212
722.365902,7.963939
722.446400,8.073030
722.526870,8.363939
722.607313,8.345758
722.687729,8.491212
722.768116,8.582121
722.848477,8.854848
722.928809,9.018485
723.009114,9.018485
723.089391,8.691212
723.169641,8.782121
723.249863,8.745758
723.330058,8.563939
723.410225,8.145758
723.490364,8.273030
723.570476,8.200303
723.650560,8.054848
723.730617,8.054848
723.810646,8.091212
723.890647,8.182121
723.970621,8.291212
724.050567,8.309394
724.130486,8.436667
724.210377,8.709394
724.290240,9.000303
724.370076,8.836667
724.449884,8.836667
724.529665,8.818485
724.609417,8.818485
724.689143,8.491212
724.768840,8.436667
724.848510,8.600303
724.928153,8.545758
725.007767,8.418485
725.087355,8.273030
725.166914,8.327576
725.246446,8.473030
725.325950,8.618485
725.405427,8.600303
725.484876,8.436667
725.564297,8.563939
725.643691,8.782121
725.723057,8.909394
725.802396,9.182121
725.881706,9.400303
725.960990,9.345758
726.040245,9.200303
726.119473,9.109394
726.198673,8.982121
726.277846,8.927576
726.356991,9.018485
726.436108,9.054848
726.515198,8.891212
726.594260,8.654848
726.673294,8.382121
726.752301,8.018485
726.831280,7.800303
726.910231,7.800303
726.989155,7.763939
727.068051,7.854848
727.146920,8.018485
727.225761,8.054848
727.304574,7.873030
727.383359,7.673030
727.462117,7.636667
727.540847,7.454848
727.619550,7.600303
727.698224,7.800303
727.776871,7.800303
727.855491,7.745758
727.934083,7.727576
728.012647,7.545758
728.091183,7.273030
728.169692,7.454848
728.248173,7.454848
728.326627,7.291212
728.405052,7.200303
728.483450,6.927576
728.561821,6.727576
728.640163,6.563939
728.718479,6.509394
728.796766,6.418485
728.875025,6.363939
728.953257,6.473030
729.031462,6.254848
729.109638,6.563939
729.187787,6.800303
729.265908,6.891212
729.344002,7.018485
729.422068,7.036667
729.500106,7.036667
729.578116,6.982121
729.656099,6.727576
729.734054,6.654848
729.811981,6.582121
729.889881,6.636667
729.967753,6.436667
730.045597,6.291212
730.123414,6.491212
730.201202,6.527576
730.278963,6.563939
730.356697,6.600303
730.434402,6.636667
730.512080,6.763939
730.589731,6.836667
730.667353,6.927576
730.744948,6.982121
730.822515,7.036667
730.900054,7.000303
730.977566,6.963939
731.055050,7.109394
731.132506,7.127576
731.209935,7.218485
731.287335,7.400303
731.364708,7.527576
731.442054,7.600303
731.519371,7.600303
731.596661,7.327576
731.673923,7.109394
731.751158,7.127576
731.828364,6.891212
731.905543,6.763939
731.982694,6.673030
732.059818,6.509394
732.136913,6.400303
732.213981,6.218485
732.291022,6.000303
732.368034,6.036667
732.445019,6.236667
732.521976,6.363939
732.598905,6.473030
732.675806,6.745758
732.752680,6.582121
732.829526,6.618485
732.906344,6.509394
732.983135,6.454848
733.059898,6.563939
733.136633,6.545758
733.213340,6.345758
733.290019,6.254848
733.366671,6.091212
733.443295,5.891212
733.519891,5.873030
733.596459,5.909394
733.673000,5.745758
733.749513,5.673030
733.825998,5.563939
733.902455,5.218485
733.978885,5.291212
734.055287,5.218485
734.131661,5.236667
734.208007,5.273030
734.284326,5.309394
734.360616,5.145758
734.436879,5.091212
734.513114,5.327576
734.589322,5.436667
734.665501,5.509394
734.741653,5.654848
734.817777,5.600303
734.893873,5.818485
734.969942,5.836667
735.045982,6.000303
735.121995,5.963939
735.197980,5.800303
735.273938,5.745758
735.349867,5.745758
735.425769,5.563939
735.501643,5.509394
735.577489,5.382121
735.653307,5.254848
735.729098,5.073030
735.804860,5.091212
735.880595,4.909394
735.956302,4.818485
736.031982,4.873030
736.107633,5.018485
736.183257,5.018485
736.258853,5.273030
736.334421,5.327576
736.409961,5.582121
736.485474,5.727576
736.560958,5.745758
736.636415,5.800303
736.711844,5.745758
736.787245,5.763939
736.862619,5.727576
736.937964,5.763939
737.013282,5.600303
737.088572,5.509394
737.163834,5.327576
737.239068,5.436667
737.314275,5.473030
737.389453,5.654848
737.464604,5.782121
737.539727,5.927576
737.614822,6.000303
737.689890,6.036667
737.764929,5.963939
737.839941,6.018485
737.914925,5.963939
737.989881,6.109394
738.064809,5.963939
738.139709,5.909394
738.214581,5.691212
738.289426,5.400303
738.364243,5.291212
738.439032,5.436667
738.513793,5.691212
738.588526,5.818485
738.663231,5.963939
738.737909,6.127576
738.812559,5.963939
738.887180,5.927576
738.961774,6.091212
739.036340,6.182121
739.110879,6.400303
739.185389,6.691212
739.259872,6.509394
739.334326,6.400303
739.408753,6.382121
739.483152,6.182121
739.557523,6.236667
739.631866,6.363939
739.706182,6.509394
739.780469,6.327576
739.854729,6.418485
739.928961,6.363939
740.003165,6.254848
740.077341,6.254848
740.151489,6.145758
740.225609,5.982121
740.299701,5.891212
740.373766,5.818485
740.447802,5.963939
740.521811,5.909394
740.595792,5.873030
740.669745,5.909394
740.743670,5.800303
740.817567,5.673030
740.891437,5.654848
740.965278,5.709394
741.039092,5.600303
741.112877,5.763939
741.186635,5.763939
741.260365,5.782121
741.334067,5.618485
741.407741,5.800303
741.481387,5.909394
741.555006,6.073030
741.628596,6.200303
741.702159,6.363939
741.775693,6.454848
741.849200,6.654848
741.922679,6.636667
741.996130,6.600303
742.069552,6.618485
742.142948,6.818485
742.216315,6.854848
742.289654,7.036667
742.362965,6.982121
742.436249,6.982121
742.509504,7.054848
742.582732,7.182121
742.655932,7.182121
742.729103,7.273030
742.802247,7.382121
742.875363,7.273030
742.948451,7.309394
743.021511,7.200303
743.094543,6.800303
743.167548,6.709394
743.240524,6.654848
743.313472,6.618485
743.386393,6.527576
743.459285,6.345758
743.532150,6.291212
743.604986,6.163939
743.677795,6.000303
743.750576,5.818485
743.823329,5.800303
743.896054,5.963939
743.968751,5.963939
744.041420,6.054848
744.114061,5.745758
744.186674,5.582121
744.259259,5.636667
744.331816,5.600303
744.404346,5.527576
744.476847,5.600303
744.549320,5.745758
744.621766,5.800303
744.694183,5.709394
744.766573,5.673030
744.838934,5.527576
744.911268,5.782121
744.983574,5.563939
745.055851,5.709394
745.128101,5.691212
745.200323,5.891212
745.272517,6.054848
745.344683,5.927576
745.416820,5.909394
745.488930,5.854848
745.561012,5.854848
745.633066,5.727576
745.705092,5.563939
745.777090,5.782121
745.849061,5.636667
745.921003,5.891212
745.992917,5.654848
746.064803,5.545758
746.136661,5.382121
746.208491,5.327576
746.280294,5.327576
746.352068,5.491212
746.423814,5.582121
746.495532,5.509394
746.567223,5.363939
746.638885,5.309394
746.710519,4.963939
746.782126,4.963939
746.853704,4.982121
746.925254,5.073030
746.996777,5.254848
747.068271,5.145758
747.139737,5.236667
747.211176,5.145758
747.282586,5.200303
747.353968,5.236667
747.425323,5.182121
747.496649,5.273030
747.567947,5.491212
747.639218,5.527576
747.710460,5.418485
747.781675,5.291212
747.852861,4.945758
747.924019,4.800303
747.995149,4.873030
748.066252,5.073030
748.137326,4.945758
748.208372,5.018485
748.279391,4.782121
748.350381,4.673030
748.421343,4.509394
748.492277,4.491212
748.563183,4.436667
748.634062,4.927576
748.704912,4.836667
748.775734,4.691212
748.846528,4.509394
748.917294,4.563939
748.988032,4.600303
749.058742,4.727576
749.129424,4.673030
749.200078,4.891212
749.270704,5.073030
749.341302,5.036667
749.411872,4.982121
749.482413,4.818485
749.552927,4.891212
749.623413,5.200303
749.693871,5.254848
749.764300,5.400303
749.834702,5.473030
749.905075,5.582121
