#44_run03_1aqq.txt
#Wed, Mar 15, 2023, 4:57 PM
#WL (nm), Int (cts)
674.996352,19.646667
675.091533,19.846667
675.186688,20.780000
675.281816,20.380000
675.376916,20.580000
675.471990,21.180000
675.567037,21.580000
675.662057,21.580000
675.757051,21.180000
675.852017,20.980000
675.946956,20.313333
676.041869,20.113333
676.136754,20.046667
676.231613,20.913333
676.326444,20.713333
676.421249,20.180000
676.516027,19.846667
676.610778,19.780000
676.705502,20.180000
676.800199,20.113333
676.894869,19.580000
676.989513,19.446667
677.084129,19.580000
677.178718,20.313333
677.273281,20.180000
677.367816,20.046667
677.462325,21.246667
677.556807,21.713333
677.651261,21.913333
677.745689,21.180000
677.840090,20.580000
677.934464,20.246667
678.028811,20.113333
678.123131,19.580000
678.217424,18.913333
678.311690,18.913333
678.405930,18.846667
678.500142,19.513333
678.594327,19.580000
678.688486,20.646667
678.782617,20.780000
678.876722,20.646667
678.970799,20.313333
679.064850,19.380000
679.158873,19.446667
679.252870,19.113333
679.346840,19.713333
679.440783,19.113333
679.534698,19.713333
679.628587,19.713333
679.722449,19.846667
679.816284,19.580000
679.910092,20.513333
680.003873,21.046667
680.097627,21.913333
680.191354,20.180000
680.285054,20.446667
680.378727,19.913333
680.472373,21.313333
680.565993,21.046667
680.659585,20.913333
680.753150,21.646667
680.846688,21.246667
680.940199,20.846667
681.033684,19.980000
681.127141,20.846667
681.220571,20.846667
681.313975,20.713333
681.407351,20.513333
681.500700,21.046667
681.594023,20.446667
681.687318,19.446667
681.780587,18.713333
681.873828,18.780000
681.967042,20.180000
682.060230,20.446667
682.153390,19.913333
682.246524,19.113333
682.339630,19.113333
682.432710,19.646667
682.525762,18.846667
682.618788,19.180000
682.711786,19.713333
682.804757,20.313333
682.897702,20.780000
682.990619,19.846667
683.083510,20.246667
683.176373,18.980000
683.269210,19.780000
683.362019,19.780000
683.454801,19.913333
683.547557,19.713333
683.640285,18.780000
683.732986,19.113333
683.825661,19.046667
683.918308,19.380000
684.010928,19.646667
684.103522,18.713333
684.196088,18.580000
684.288627,18.046667
684.381139,18.913333
684.473624,19.046667
684.566082,19.180000
684.658514,18.446667
684.750918,18.113333
684.843295,18.180000
684.935645,19.446667
685.027968,19.913333
685.120264,20.246667
685.212533,19.980000
685.304774,20.646667
685.396989,20.713333
685.489177,19.980000
685.581338,19.513333
685.673471,18.780000
685.765578,18.980000
685.857658,18.913333
685.949710,20.313333
686.041736,21.046667
686.133734,20.913333
686.225706,20.580000
686.317650,21.046667
686.409567,21.513333
686.501458,21.780000
686.593321,22.180000
686.685157,22.913333
686.776966,23.980000
686.868748,24.246667
686.960503,24.846667
687.052231,24.846667
687.143932,26.180000
687.235606,27.580000
687.327252,27.713333
687.418872,27.980000
687.510465,27.046667
687.602030,27.713333
687.693569,28.313333
687.785080,29.580000
687.876564,29.313333
687.968021,28.113333
688.059452,26.780000
688.150855,25.446667
688.242231,24.046667
688.333580,22.780000
688.424901,22.313333
688.516196,22.513333
688.607464,22.780000
688.698704,22.113333
688.789918,21.380000
688.881104,19.980000
688.972264,18.780000
689.063396,17.846667
689.154501,18.380000
689.245579,18.913333
689.336630,18.913333
689.427654,17.980000
689.518651,18.246667
689.609620,17.980000
689.700563,17.913333
689.791478,18.313333
689.882367,18.913333
689.973228,18.780000
690.064062,18.580000
690.154869,17.846667
690.245649,18.113333
690.336402,18.246667
690.427128,19.380000
690.517826,19.980000
690.608498,19.980000
690.699142,20.046667
690.789759,20.580000
690.880350,21.046667
690.970913,20.113333
691.061449,19.046667
691.151957,17.980000
691.242439,18.513333
691.332894,18.246667
691.423321,18.313333
691.513721,17.913333
691.604095,18.180000
691.694441,20.580000
691.784760,25.913333
691.875051,35.913333
691.965316,50.980000
692.055554,65.980000
692.145764,73.780000
692.235947,68.580000
692.326104,54.646667
692.416233,39.180000
692.506334,29.113333
692.596409,24.646667
692.686457,22.980000
692.776477,22.646667
692.866471,23.246667
692.956437,25.113333
693.046376,28.780000
693.136288,36.913333
693.226172,56.846667
693.316030,88.580000
693.405860,125.313333
693.495664,151.513333
693.585440,155.980000
693.675189,137.713333
693.764911,106.980000
693.854605,75.846667
693.944273,52.580000
694.033913,37.646667
694.123526,29.313333
694.213112,25.046667
694.302671,22.846667
694.392203,21.246667
694.481707,19.513333
694.571185,18.913333
694.660635,18.180000
694.750058,17.913333
694.839454,17.713333
694.928822,17.913333
695.018164,17.380000
695.107478,16.780000
695.196765,16.180000
695.286025,16.380000
695.375258,16.046667
695.464464,16.313333
695.553642,15.913333
695.642793,15.646667
695.731918,15.446667
695.821014,15.380000
695.910084,15.446667
695.999127,14.580000
696.088142,13.580000
696.177130,13.580000
696.266091,13.380000
696.355025,14.313333
696.443931,14.113333
696.532811,14.713333
696.621663,15.580000
696.710488,16.580000
696.799286,16.380000
696.888056,15.646667
696.976799,13.980000
697.065516,13.446667
697.154205,13.513333
697.242866,14.046667
697.331501,14.380000
697.420108,14.046667
697.508688,14.380000
697.597241,14.380000
697.685767,14.113333
697.774265,14.446667
697.862737,14.313333
697.951181,14.980000
698.039598,14.513333
698.127987,14.180000
698.216350,13.580000
698.304685,13.513333
698.392993,14.313333
698.481274,13.780000
698.569527,13.380000
698.657753,12.913333
698.745953,13.913333
698.834124,14.646667
698.922269,15.513333
699.010386,16.246667
699.098477,16.380000
699.186539,15.913333
699.274575,14.713333
699.362584,13.846667
699.450565,13.380000
699.538519,13.046667
699.626445,14.246667
699.714345,14.513333
699.802217,15.246667
699.890062,14.180000
699.977880,14.913333
700.065671,14.046667
700.153434,14.313333
700.241170,13.646667
700.328879,13.713333
700.416560,13.646667
700.504214,14.246667
700.591841,15.113333
700.679441,15.380000
700.767014,15.580000
700.854559,16.180000
700.942077,16.913333
701.029568,17.646667
701.117031,18.046667
701.204467,18.313333
701.291876,16.180000
701.379258,14.780000
701.466612,13.313333
701.553939,14.113333
701.641239,14.380000
701.728512,14.980000
701.815757,14.980000
701.902975,14.446667
701.990166,14.180000
702.077330,14.246667
702.164466,14.646667
702.251575,14.513333
702.338657,13.980000
702.425711,14.513333
702.512738,15.180000
702.599738,15.580000
702.686710,15.846667
702.773656,14.780000
702.860574,14.646667
702.947464,14.313333
703.034328,16.046667
703.121164,16.380000
703.207973,16.713333
703.294754,16.313333
703.381509,16.113333
703.468235,16.180000
703.554935,16.246667
703.641607,16.780000
703.728253,16.446667
703.814870,16.713333
703.901461,17.513333
703.988024,18.246667
704.074560,18.646667
704.161068,18.913333
704.247549,19.180000
704.334003,19.380000
704.420430,19.180000
704.506829,19.646667
704.593201,19.246667
704.679546,19.180000
704.765863,18.513333
704.852153,18.980000
704.938416,19.846667
705.024652,20.313333
705.110860,20.380000
705.197040,20.113333
705.283194,20.780000
705.369320,21.713333
705.455419,22.913333
705.541490,23.646667
705.627534,24.513333
705.713551,25.846667
705.799541,26.513333
705.885503,27.913333
705.971438,28.446667
706.057345,31.446667
706.143225,33.113333
706.229078,36.246667
706.314904,38.246667
706.400702,40.446667
706.486473,41.580000
706.572216,43.046667
706.657932,43.846667
706.743621,46.180000
706.829282,46.380000
706.914917,47.246667
707.000523,46.846667
707.086103,48.113333
707.171655,48.046667
707.257179,46.713333
707.342677,44.313333
707.428147,42.380000
707.513589,40.646667
707.599005,36.780000
707.684393,34.713333
707.769753,31.780000
707.855086,31.580000
707.940392,29.780000
708.025671,28.113333
708.110922,26.246667
708.196146,26.046667
708.281342,28.113333
708.366511,30.646667
708.451653,34.513333
708.536767,37.780000
708.621854,43.846667
708.706913,50.180000
708.791946,56.513333
708.876950,60.913333
708.961928,62.646667
709.046878,63.913333
709.131800,63.313333
709.216696,61.446667
709.301564,55.180000
709.386404,47.446667
709.471217,39.180000
709.556003,33.646667
709.640761,29.046667
709.725492,26.513333
709.810196,23.580000
709.894872,22.713333
709.979521,21.113333
710.064142,20.913333
710.148736,18.580000
710.233303,16.846667
710.317842,16.046667
710.402354,16.780000
710.486838,17.380000
710.571295,17.180000
710.655725,17.113333
710.740127,18.313333
710.824502,18.780000
710.908849,19.313333
710.993169,18.313333
711.077462,18.913333
711.161727,19.580000
711.245965,21.113333
711.330175,22.380000
711.414358,24.180000
711.498514,26.513333
711.582642,30.713333
711.666743,35.046667
711.750816,39.180000
711.834862,42.513333
711.918880,46.313333
712.002871,48.580000
712.086835,49.846667
712.170771,48.980000
712.254680,48.846667
712.338561,48.380000
712.422415,47.780000
712.506241,46.380000
712.590040,45.313333
712.673812,43.046667
712.757556,40.980000
712.841273,37.180000
712.924962,34.713333
713.008624,29.313333
713.092258,26.046667
713.175865,22.246667
713.259445,20.513333
713.342997,18.246667
713.426522,16.580000
713.510019,15.980000
713.593489,14.980000
713.676931,14.913333
713.760346,15.846667
713.843733,15.846667
713.927093,15.246667
714.010426,13.513333
714.093731,12.980000
714.177008,12.113333
714.260258,12.046667
714.343481,12.113333
714.426676,12.046667
714.509844,12.113333
714.592984,11.913333
714.676097,13.113333
714.759183,12.713333
714.842240,12.913333
714.925271,12.380000
715.008274,12.180000
715.091249,11.646667
715.174197,11.580000
715.257118,11.580000
715.340011,12.246667
715.422877,12.580000
715.505715,12.846667
715.588525,12.046667
715.671309,11.046667
715.754064,10.980000
715.836793,11.246667
715.919493,11.046667
716.002167,10.380000
716.084812,9.246667
716.167431,9.246667
716.250021,10.446667
716.332585,11.913333
716.415121,12.846667
716.497629,12.380000
716.580110,11.313333
716.662563,10.446667
716.744989,9.580000
716.827387,9.846667
716.909758,9.846667
716.992102,10.580000
717.074417,10.380000
717.156706,9.980000
717.238967,9.713333
717.321200,9.980000
717.403406,9.980000
717.485584,10.646667
717.567735,9.780000
717.649858,11.046667
717.731954,11.246667
717.814023,11.646667
717.896063,10.513333
717.978077,9.980000
718.060062,9.913333
718.142021,9.180000
718.223951,7.913333
718.305855,8.446667
718.387730,8.980000
718.469579,9.180000
718.551399,9.113333
718.633192,9.113333
718.714958,9.513333
718.796696,9.713333
718.878407,9.780000
718.960090,9.980000
719.041745,8.713333
719.123373,9.313333
719.204974,9.046667
719.286546,10.113333
719.368092,9.713333
719.449610,8.846667
719.531100,9.046667
719.612563,8.513333
719.693998,9.046667
719.775406,9.246667
719.856786,9.913333
719.938138,11.046667
720.019463,10.446667
720.100761,10.646667
720.182031,10.713333
720.263273,10.913333
720.344488,10.313333
720.425675,10.046667
720.506835,9.113333
720.587967,9.380000
720.669072,9.180000
720.750149,9.846667
720.831199,10.180000
720.912220,10.046667
720.993215,9.446667
721.074182,9.113333
721.155121,8.246667
721.236033,8.046667
721.316917,8.646667
721.397773,9.046667
721.478602,10.246667
721.559404,10.113333
721.640178,10.313333
721.720924,9.913333
721.801643,8.646667
721.882334,9.046667
721.962998,9.513333
722.043634,9.713333
722.124242,9.446667
722.204823,8.846667
722.285376,8.246667
722.365902,7.646667
722.446400,7.513333
722.526870,8.513333
722.607313,8.513333
722.687729,8.713333
722.768116,8.580000
722.848477,9.446667
722.928809,8.913333
723.009114,8.446667
723.089391,8.113333
723.169641,8.246667
723.249863,8.580000
723.330058,8.646667
723.410225,8.780000
723.490364,8.780000
723.570476,7.713333
723.650560,7.513333
723.730617,7.446667
723.810646,8.446667
723.890647,9.113333
723.970621,9.313333
724.050567,8.846667
724.130486,8.580000
724.210377,8.313333
724.290240,8.780000
724.370076,8.380000
724.449884,9.046667
724.529665,8.113333
724.609417,8.646667
724.689143,7.980000
724.768840,7.846667
724.848510,6.980000
724.928153,6.913333
725.007767,7.180000
725.087355,7.446667
725.166914,7.780000
725.246446,8.046667
725.325950,8.246667
725.405427,8.580000
725.484876,8.780000
725.564297,9.113333
725.643691,8.513333
725.723057,8.580000
725.802396,7.713333
725.881706,7.380000
725.960990,6.846667
726.040245,6.980000
726.119473,6.980000
726.198673,7.646667
726.277846,8.380000
726.356991,8.580000
726.436108,8.313333
726.515198,8.313333
726.594260,8.780000
726.673294,9.313333
726.752301,8.913333
726.831280,7.980000
726.910231,6.913333
726.989155,7.246667
727.068051,7.713333
727.146920,8.580000
727.225761,8.180000
727.304574,8.380000
727.383359,8.246667
727.462117,7.246667
727.540847,6.846667
727.619550,5.913333
727.698224,7.780000
727.776871,7.713333
727.855491,8.513333
727.934083,7.313333
728.012647,7.380000
728.091183,7.446667
728.169692,7.713333
728.248173,7.580000
728.326627,7.246667
728.405052,7.313333
728.483450,6.980000
728.561821,7.513333
728.640163,7.780000
728.718479,8.646667
728.796766,8.646667
728.875025,8.380000
728.953257,8.446667
729.031462,7.846667
729.109638,7.580000
729.187787,7.580000
729.265908,7.646667
729.344002,8.113333
729.422068,7.980000
729.500106,8.113333
729.578116,7.713333
729.656099,8.046667
729.734054,7.380000
729.811981,7.313333
729.889881,7.246667
729.967753,7.180000
730.045597,6.913333
730.123414,6.513333
730.201202,6.913333
730.278963,6.446667
730.356697,6.513333
730.434402,7.313333
730.512080,8.046667
730.589731,7.646667
730.667353,7.446667
730.744948,7.246667
730.822515,6.780000
730.900054,5.513333
730.977566,5.580000
731.055050,6.180000
731.132506,6.646667
731.209935,7.446667
731.287335,6.980000
731.364708,7.513333
731.442054,7.513333
731.519371,8.180000
731.596661,7.913333
731.673923,6.646667
731.751158,6.380000
731.828364,6.046667
731.905543,7.380000
731.982694,7.113333
732.059818,6.580000
732.136913,6.046667
732.213981,6.713333
732.291022,7.313333
732.368034,7.380000
732.445019,6.713333
732.521976,6.313333
732.598905,5.446667
732.675806,5.313333
732.752680,6.046667
732.829526,5.913333
732.906344,6.246667
732.983135,6.313333
733.059898,6.980000
733.136633,6.513333
733.213340,6.646667
733.290019,6.513333
733.366671,7.046667
733.443295,6.313333
733.519891,6.046667
733.596459,5.846667
733.673000,6.180000
733.749513,6.313333
733.825998,5.846667
733.902455,6.180000
733.978885,6.313333
734.055287,6.780000
734.131661,6.780000
734.208007,6.913333
734.284326,6.713333
734.360616,6.046667
734.436879,5.446667
734.513114,5.180000
734.589322,5.246667
734.665501,5.513333
734.741653,6.380000
734.817777,6.513333
734.893873,6.780000
734.969942,6.246667
735.045982,5.713333
735.121995,5.513333
735.197980,5.646667
735.273938,6.046667
735.349867,5.913333
735.425769,6.513333
735.501643,5.980000
735.577489,6.580000
735.653307,5.380000
735.729098,6.513333
735.804860,6.380000
735.880595,7.113333
735.956302,6.046667
736.031982,5.980000
736.107633,5.913333
736.183257,6.713333
736.258853,6.380000
736.334421,5.313333
736.409961,4.713333
736.485474,4.646667
736.560958,5.913333
736.636415,6.446667
736.711844,6.913333
736.787245,6.380000
736.862619,6.246667
736.937964,5.713333
737.013282,5.180000
737.088572,4.846667
737.163834,5.513333
737.239068,6.446667
737.314275,6.646667
737.389453,6.313333
737.464604,5.713333
737.539727,6.246667
737.614822,5.580000
737.689890,6.380000
737.764929,5.713333
737.839941,6.580000
737.914925,6.380000
737.989881,6.313333
738.064809,6.046667
738.139709,5.846667
738.214581,5.580000
738.289426,5.380000
738.364243,5.780000
738.439032,5.846667
738.513793,5.980000
738.588526,5.246667
738.663231,5.846667
738.737909,5.646667
738.812559,6.113333
738.887180,5.513333
738.961774,5.846667
739.036340,5.646667
739.110879,6.646667
739.185389,6.513333
739.259872,7.180000
739.334326,6.513333
739.408753,6.780000
739.483152,6.580000
739.557523,6.046667
739.631866,5.980000
739.706182,5.580000
739.780469,6.180000
739.854729,6.313333
739.928961,6.780000
740.003165,5.846667
740.077341,5.780000
740.151489,4.913333
740.225609,5.580000
740.299701,4.646667
740.373766,4.713333
740.447802,4.513333
740.521811,5.046667
740.595792,5.180000
740.669745,5.180000
740.743670,5.780000
740.817567,6.046667
740.891437,6.780000
740.965278,6.180000
741.039092,5.846667
741.112877,5.846667
741.186635,5.780000
741.260365,5.513333
741.334067,4.846667
741.407741,4.913333
741.481387,5.580000
741.555006,6.313333
741.628596,6.380000
741.702159,6.446667
741.775693,6.580000
741.849200,6.513333
741.922679,6.246667
741.996130,6.446667
742.069552,6.913333
742.142948,6.580000
742.216315,5.980000
742.289654,5.980000
742.362965,6.246667
742.436249,6.046667
742.509504,6.046667
742.582732,6.246667
742.655932,6.246667
742.729103,6.046667
742.802247,6.380000
742.875363,6.580000
742.948451,6.313333
743.021511,6.180000
743.094543,6.913333
743.167548,7.113333
743.240524,6.846667
743.313472,6.446667
743.386393,6.246667
743.459285,5.713333
743.532150,4.580000
743.604986,4.980000
743.677795,5.246667
743.750576,5.713333
743.823329,5.313333
743.896054,5.246667
743.968751,5.113333
744.041420,5.113333
744.114061,5.246667
744.186674,5.446667
744.259259,5.113333
744.331816,5.113333
744.404346,4.580000
744.476847,5.246667
744.549320,5.313333
744.621766,5.313333
744.694183,4.446667
744.766573,4.113333
744.838934,4.446667
744.911268,4.980000
744.983574,5.580000
745.055851,5.246667
745.128101,4.713333
745.200323,4.046667
745.272517,4.180000
745.344683,4.780000
745.416820,4.713333
745.488930,5.713333
745.561012,4.913333
745.633066,5.180000
745.705092,4.580000
745.777090,6.046667
745.849061,6.113333
745.921003,5.780000
745.992917,4.580000
746.064803,5.113333
746.136661,5.646667
746.208491,6.046667
746.280294,5.246667
746.352068,5.180000
746.423814,5.313333
746.495532,5.913333
746.567223,5.713333
746.638885,6.046667
746.710519,6.180000
746.782126,5.846667
746.853704,4.980000
746.925254,5.046667
746.996777,5.046667
747.068271,5.380000
747.139737,4.713333
747.211176,4.846667
747.282586,4.046667
747.353968,5.113333
747.425323,5.646667
747.496649,6.380000
747.567947,5.380000
747.639218,4.380000
747.710460,3.780000
747.781675,3.713333
747.852861,4.646667
747.924019,4.580000
747.995149,3.980000
748.066252,3.446667
748.137326,4.113333
748.208372,4.713333
748.279391,5.246667
748.350381,4.380000
748.421343,4.513333
748.492277,4.513333
748.563183,5.713333
748.634062,5.313333
748.704912,4.513333
748.775734,4.113333
748.846528,4.313333
748.917294,4.780000
748.988032,4.113333
749.058742,3.513333
749.129424,3.313333
749.200078,3.580000
749.270704,3.980000
749.341302,4.046667
749.411872,4.713333
749.482413,4.980000
749.552927,4.780000
749.623413,4.513333
749.693871,4.113333
749.764300,4.580000
749.834702,4.913333
749.905075,5.313333
