# T_sensor(K) T_weinstein  R1  dR1 FWHM_R1  dFWHM_R1 R2 dR2 FWHM_R2  dFWHM_R2 A1  dA1 A2  dA2  B  dB
6.945284910105727931e+02 2.518360394446004721e-02 1.354052817318735835e+00 2.338682259900583607e-02 6.930308227150434277e+02 3.830137222561925264e-02 1.144652862743579913e+00 3.329352321572225104e-02 9.809287945473664649e+01 3.913888452286472752e+00 1.656759052044085365e+02 3.368742971922390694e+00 1.555036553426819523e+01 3.065048672442147182e-01
6.945251100874767189e+02 1.027134622012769727e-01 1.347646147029208930e+00 8.081104268250216549e-02 6.931226246034007090e+02 1.434455826543506174e-01 1.218970359409873971e+00 1.079993216802467154e-01 4.044289704719962941e+01 5.129882792401673441e+00 6.143694610231955977e+01 4.224496596262913961e+00 2.555522170973608098e+01 3.273882990227790502e-01
6.942060530393470117e+02 7.666958192540371253e-02 1.448359392792071043e+00 6.041508458045566354e-02 6.927033616376935470e+02 1.212205944273486852e-01 1.302253164334990609e+00 9.119440510244941622e-02 3.137045537175855969e+01 3.169336574611034241e+00 5.422311406043822046e+01 2.581467042358835506e+00 9.283811105812596054e+00 2.083642855180084796e-01
6.941935450338256715e+02 1.010498748820835326e-02 1.290026963314952591e+00 1.019307323112687846e-02 6.927387735493982746e+02 1.457555149510998682e-02 1.012050800691765673e+00 1.350428026351821464e-02 3.282812146514476694e+02 6.364707614610161102e+00 5.400119795703818681e+02 5.515811428652668269e+00 2.883236717936255999e+01 4.924846499986718085e-01
6.945036887094573785e+02 7.607388167455626793e-02 1.053814052989442418e+00 6.927323967398214821e-02 6.931901751967673135e+02 1.091961666731698505e-01 1.090171372573426334e+00 1.010795337585334852e-01 3.595652673840898217e+01 4.140074415438660616e+00 5.058066368391400403e+01 4.238650344878069909e+00 1.471838740963027270e+01 3.362035746597457075e-01
6.941867998676152638e+02 1.423017824054378586e-02 1.056587719511443701e+00 1.538197471240389073e-02 6.927838573673681140e+02 2.130938727294784743e-02 8.952367041129027925e-01 2.204750043848454494e-02 1.154358038859672320e+02 4.582242955724435518e+00 1.855910945734444226e+02 4.275397717645436302e+00 1.448813394681985756e+01 3.447313900180601909e-01
6.944653666387267776e+02 5.500759973158625415e-02 1.056783819495419330e+00 5.378597382037696162e-02 6.931221868969847719e+02 8.137292911266967577e-02 1.033744297411826496e+00 7.900242240287234929e-02 4.112329810831753463e+01 4.229626007823878986e+00 6.148678592993178427e+01 4.172465536857225210e+00 1.514086610652094222e+01 3.392427363447546584e-01
6.941769830460427784e+02 1.347085944781081096e-02 1.032116620770970661e+00 1.457637818753785772e-02 6.927666298004037344e+02 2.092561782908963428e-02 8.952571614697107938e-01 2.186472002049124480e-02 1.136586248168560189e+02 4.556377298325375413e+00 1.875199751180800831e+02 4.290836131370548756e+00 1.452015548817622737e+01 3.422627345982799940e-01
6.944416140963713815e+02 4.727421127722413602e-02 1.034108159669678173e+00 4.719807941478263574e-02 6.930812117683914266e+02 7.293134488070647514e-02 1.032774564821457908e+00 7.289865485042176796e-02 4.328933960171155348e+01 4.245526167058443434e+00 6.676954826126360842e+01 4.233457227257795275e+00 1.505860441298229269e+01 3.413358137101290546e-01
6.941613194026012934e+02 1.370454569017711365e-02 1.032672882645817358e+00 1.481914977620773198e-02 6.927533734451494638e+02 2.160238295433664427e-02 8.972489754180111854e-01 2.255436464224571877e-02 1.105933969815900753e+02 4.546003560059888926e+00 1.850285867716550854e+02 4.284404196367227691e+00 1.423162869311085643e+01 3.418594260560938181e-01
6.944265864736571530e+02 4.315368397174157433e-02 1.018139063907773867e+00 4.430250406878299269e-02 6.930888163861834528e+02 6.169114846970307625e-02 9.702095371689127834e-01 6.235646660599204055e-02 4.682702429814074918e+01 4.354970019865596953e+00 6.837644366105575955e+01 4.258075371580509305e+00 1.493495086981321940e+01 3.399093304518859826e-01
6.941427539245215712e+02 1.010521868615766802e-02 1.009915050302218509e+00 1.092612203953051593e-02 6.927260120170426489e+02 1.595122763839466884e-02 8.982816373071125238e-01 1.678877609395511283e-02 1.521999368175741836e+02 4.737417052699743891e+00 2.523533930336444939e+02 4.505353427437348124e+00 1.513303710451692297e+01 3.558634270069519490e-01
6.944243987425979867e+02 4.023020660288738337e-02 9.721132678206099165e-01 4.059656965632849057e-02 6.930702837541559802e+02 6.299836652568376050e-02 1.035274654853189258e+00 6.507069245670245305e-02 4.648647749422847397e+01 4.196865092160106947e+00 7.068783154345622677e+01 4.297480784032575052e+00 1.497648479409997968e+01 3.367863194114638081e-01
6.941194765921868566e+02 1.308765014877402363e-02 9.967064659868000165e-01 1.415024316812658195e-02 6.927120878545902087e+02 2.114766305471058386e-02 8.902441116671655497e-01 2.229174455753115541e-02 1.067079615393975729e+02 4.471995058445060067e+00 1.807843928210724584e+02 4.259579440458268529e+00 1.386852500374018327e+01 3.342433487475144349e-01
6.943818302616622304e+02 5.168262619147914044e-02 1.008458495686518797e+00 5.109041545857759964e-02 6.930583060681266261e+02 7.877641698076719157e-02 1.018579106673455081e+00 7.828070823540828060e-02 4.006880838835319736e+01 4.220034538600747176e+00 6.075699069333216329e+01 4.229286593606127909e+00 1.475352852161064909e+01 3.364633473659711660e-01
6.940849068225663814e+02 1.012382457345840057e-02 9.575640777291533068e-01 1.091621524380033230e-02 6.926778639957536825e+02 1.654854191231884888e-02 8.855608049157764894e-01 1.757158363996568981e-02 1.367888892021349534e+02 4.652178139731866224e+00 2.309563465809241052e+02 4.491810727838491779e+00 1.421725550519474623e+01 3.459918749410282324e-01
6.943244074896348366e+02 3.514450618522302339e-02 9.668801945272116338e-01 3.627019897974781415e-02 6.929990061662259677e+02 5.724902490973590719e-02 9.667430663193106177e-01 5.916690708674454680e-02 4.778850273157311790e+01 4.323408056582752401e+00 7.775386405027735748e+01 4.313810413610085881e+00 1.474584784894980771e+01 3.359867878952649267e-01
6.940415104423781258e+02 1.104733423833962301e-02 9.434693607597478548e-01 1.189879375962025511e-02 6.926327755846825767e+02 1.862579352148873921e-02 8.773325086892351798e-01 1.979918834743619668e-02 1.158316542953619859e+02 4.543687232512349183e+00 2.012599767881580988e+02 4.395373672148457089e+00 1.380356325823395913e+01 3.361823746455764872e-01
6.942815974250748923e+02 3.713642098863251251e-02 9.447591868740419230e-01 3.841609402765568809e-02 6.929411998794050760e+02 6.133152631266394761e-02 9.841327456141660823e-01 6.435348229106137297e-02 4.415851287407200942e+01 4.348690875181850934e+00 7.157075028026031305e+01 4.408831468317594648e+00 1.491144571571012278e+01 3.400026226381506200e-01
6.942189405149105141e+02 2.678994570426405930e-02 8.729092154207583887e-01 2.862122826177828511e-02 6.928626702386804936e+02 4.517612230494558873e-02 8.881970731916222217e-01 4.845650781278572350e-02 4.871113209023961588e+01 4.584200717232075561e+00 8.141965619831726997e+01 4.605814751860744849e+00 1.485935252095462111e+01 3.398904110450716720e-01
6.939495964632975529e+02 1.511943849960030103e-02 1.180936250067121662e+00 1.518900244252342421e-02 6.925001731753170588e+02 2.660021978065409132e-02 1.056903780540002558e+00 2.566480496198184774e-02 1.237082402987002183e+02 4.194947020446599062e+00 2.298796153404244649e+02 3.962419967423412182e+00 1.469292740912281836e+01 3.402456206860242083e-01
6.941711596690448687e+02 6.066330584132248460e-02 1.197323473496477941e+00 5.461560683707244318e-02 6.927713707766155267e+02 1.042211037148616792e-01 1.136398021175494044e+00 9.192721831077714512e-02 4.064712096686234588e+01 4.159996406551906389e+00 7.207736799829098118e+01 3.963461304182951395e+00 1.495133566185800689e+01 3.341224126525878524e-01
