#pumped_RT_before_cooling_6.8GPa.dat.txt
#Mon, Mar 6, 2023, 3:02 PM
#WL (nm), Int (cts)
674.996352,26.331818
675.091533,26.477273
675.186688,26.440909
675.281816,26.568182
675.376916,26.259091
675.471990,26.222727
675.567037,26.513636
675.662057,26.640909
675.757051,26.222727
675.852017,26.095455
675.946956,26.386364
676.041869,26.186364
676.136754,26.168182
676.231613,25.840909
676.326444,25.550000
676.421249,25.768182
676.516027,26.040909
676.610778,26.077273
676.705502,26.040909
676.800199,26.059091
676.894869,26.386364
676.989513,26.131818
677.084129,26.422727
677.178718,26.368182
677.273281,26.331818
677.367816,26.731818
677.462325,26.750000
677.556807,26.931818
677.651261,27.059091
677.745689,27.313636
677.840090,27.804545
677.934464,27.822727
678.028811,27.895455
678.123131,27.931818
678.217424,27.859091
678.311690,28.222727
678.405930,28.095455
678.500142,27.968182
678.594327,28.095455
678.688486,28.259091
678.782617,28.440909
678.876722,28.004545
678.970799,27.986364
679.064850,27.786364
679.158873,28.022727
679.252870,28.222727
679.346840,27.968182
679.440783,27.968182
679.534698,29.277273
679.628587,29.240909
679.722449,29.422727
679.816284,29.531818
679.910092,29.950000
680.003873,30.386364
680.097627,31.240909
680.191354,31.459091
680.285054,31.768182
680.378727,32.640909
680.472373,32.968182
680.565993,32.040909
680.659585,32.386364
680.753150,32.186364
680.846688,31.859091
680.940199,31.859091
681.033684,31.531818
681.127141,31.095455
681.220571,30.913636
681.313975,30.695455
681.407351,30.204545
681.500700,29.950000
681.594023,32.895455
681.687318,32.568182
681.780587,32.422727
681.873828,32.404545
681.967042,32.222727
682.060230,32.077273
682.153390,32.095455
682.246524,31.640909
682.339630,31.240909
682.432710,31.059091
682.525762,30.968182
682.618788,27.877273
682.711786,27.950000
682.804757,28.022727
682.897702,27.968182
682.990619,27.950000
683.083510,27.695455
683.176373,27.459091
683.269210,27.622727
683.362019,27.731818
683.454801,27.968182
683.547557,27.913636
683.640285,27.622727
683.732986,27.659091
683.825661,27.659091
683.918308,27.786364
684.010928,27.750000
684.103522,27.877273
684.196088,27.877273
684.288627,27.677273
684.381139,28.240909
684.473624,28.277273
684.566082,28.186364
684.658514,28.422727
684.750918,28.368182
684.843295,28.859091
684.935645,29.022727
685.027968,29.077273
685.120264,29.459091
685.212533,29.822727
685.304774,30.550000
685.396989,30.404545
685.489177,30.604545
685.581338,31.095455
685.673471,31.568182
685.765578,31.840909
685.857658,32.240909
685.949710,33.059091
686.041736,33.877273
686.133734,35.077273
686.225706,36.277273
686.317650,37.640909
686.409567,39.731818
686.501458,41.604545
686.593321,43.640909
686.685157,45.659091
686.776966,48.186364
686.868748,50.677273
686.960503,52.895455
687.052231,55.222727
687.143932,57.022727
687.235606,58.768182
687.327252,60.477273
687.418872,61.404545
687.510465,61.968182
687.602030,61.968182
687.693569,61.859091
687.785080,61.259091
687.876564,59.622727
687.968021,57.913636
688.059452,55.859091
688.150855,53.840909
688.242231,52.331818
688.333580,49.568182
688.424901,46.895455
688.516196,44.386364
688.607464,42.240909
688.698704,39.986364
688.789918,37.659091
688.881104,36.168182
688.972264,34.350000
689.063396,33.204545
689.154501,31.968182
689.245579,29.840909
689.336630,29.040909
689.427654,28.222727
689.518651,27.531818
689.609620,27.204545
689.700563,26.931818
689.791478,26.604545
689.882367,26.222727
689.973228,27.004545
690.064062,27.331818
690.154869,27.531818
690.245649,28.386364
690.336402,28.822727
690.427128,30.022727
690.517826,30.586364
690.608498,30.386364
690.699142,29.968182
690.789759,29.840909
690.880350,29.713636
690.970913,28.768182
691.061449,27.659091
691.151957,27.022727
691.242439,26.095455
691.332894,25.168182
691.423321,23.622727
691.513721,22.750000
691.604095,22.477273
691.694441,22.586364
691.784760,22.459091
691.875051,22.586364
691.965316,22.659091
692.055554,22.913636
692.145764,23.113636
692.235947,23.440909
692.326104,23.840909
692.416233,24.586364
692.506334,25.677273
692.596409,27.131818
692.686457,28.840909
692.776477,31.386364
692.866471,34.368182
692.956437,37.840909
693.046376,41.913636
693.136288,46.004545
693.226172,49.822727
693.316030,53.368182
693.405860,56.731818
693.495664,58.622727
693.585440,59.731818
693.675189,59.640909
693.764911,58.313636
693.854605,56.150000
693.944273,53.495455
694.033913,50.404545
694.123526,46.550000
694.213112,42.986364
694.302671,39.877273
694.392203,37.131818
694.481707,35.913636
694.571185,35.168182
694.660635,35.804545
694.750058,37.077273
694.839454,39.277273
694.928822,40.950000
695.018164,42.386364
695.107478,44.040909
695.196765,44.768182
695.286025,45.204545
695.375258,45.077273
695.464464,44.350000
695.553642,43.822727
695.642793,42.804545
695.731918,42.040909
695.821014,40.640909
695.910084,40.677273
695.999127,41.550000
696.088142,43.677273
696.177130,46.531818
696.266091,49.931818
696.355025,53.186364
696.443931,55.640909
696.532811,57.113636
696.621663,57.859091
696.710488,57.568182
696.799286,56.877273
696.888056,55.022727
696.976799,52.222727
697.065516,48.513636
697.154205,44.877273
697.242866,40.313636
697.331501,36.259091
697.420108,33.222727
697.508688,30.640909
697.597241,28.386364
697.685767,27.113636
697.774265,25.695455
697.862737,24.895455
697.951181,24.477273
698.039598,23.913636
698.127987,23.404545
698.216350,23.440909
698.304685,23.150000
698.392993,22.677273
698.481274,22.640909
698.569527,22.713636
698.657753,22.640909
698.745953,22.586364
698.834124,22.240909
698.922269,21.913636
699.010386,21.586364
699.098477,21.550000
699.186539,21.040909
699.274575,20.804545
699.362584,20.640909
699.450565,20.131818
699.538519,19.804545
699.626445,19.440909
699.714345,19.404545
699.802217,19.459091
699.890062,19.586364
699.977880,19.531818
700.065671,19.550000
700.153434,19.986364
700.241170,19.913636
700.328879,20.004545
700.416560,20.404545
700.504214,20.640909
700.591841,20.913636
700.679441,21.040909
700.767014,21.404545
700.854559,21.477273
700.942077,21.550000
701.029568,21.404545
701.117031,21.204545
701.204467,21.386364
701.291876,21.804545
701.379258,21.731818
701.466612,21.695455
701.553939,22.095455
701.641239,22.095455
701.728512,22.240909
701.815757,22.313636
701.902975,22.477273
701.990166,22.550000
702.077330,22.622727
702.164466,23.186364
702.251575,23.222727
702.338657,23.550000
702.425711,23.950000
702.512738,23.822727
702.599738,24.022727
702.686710,24.440909
702.773656,24.877273
702.860574,25.440909
702.947464,26.186364
703.034328,26.513636
703.121164,26.713636
703.207973,27.204545
703.294754,27.804545
703.381509,28.404545
703.468235,29.295455
703.554935,30.204545
703.641607,30.477273
703.728253,31.277273
703.814870,31.877273
703.901461,32.350000
703.988024,33.277273
704.074560,33.659091
704.161068,34.350000
704.247549,34.604545
704.334003,35.295455
704.420430,35.804545
704.506829,36.459091
704.593201,36.840909
704.679546,37.531818
704.765863,38.659091
704.852153,39.931818
704.938416,41.331818
705.024652,43.295455
705.110860,45.386364
705.197040,47.804545
705.283194,50.131818
705.369320,52.622727
705.455419,55.477273
705.541490,59.277273
705.627534,62.713636
705.713551,66.859091
705.799541,71.040909
705.885503,75.859091
705.971438,80.604545
706.057345,85.568182
706.143225,90.840909
706.229078,96.786364
706.314904,102.768182
706.400702,108.677273
706.486473,114.586364
706.572216,120.222727
706.657932,124.913636
706.743621,129.113636
706.829282,131.895455
706.914917,133.368182
707.000523,134.004545
707.086103,133.731818
707.171655,131.459091
707.257179,127.913636
707.342677,123.404545
707.428147,118.331818
707.513589,112.768182
707.599005,106.350000
707.684393,99.622727
707.769753,93.640909
707.855086,89.222727
707.940392,85.877273
708.025671,83.986364
708.110922,84.368182
708.196146,87.568182
708.281342,93.713636
708.366511,101.750000
708.451653,111.459091
708.536767,122.913636
708.621854,135.277273
708.706913,147.604545
708.791946,158.077273
708.876950,165.950000
708.961928,170.277273
709.046878,171.131818
709.131800,168.495455
709.216696,161.640909
709.301564,151.550000
709.386404,139.459091
709.471217,126.059091
709.556003,111.731818
709.640761,97.459091
709.725492,84.222727
709.810196,71.840909
709.894872,62.586364
709.979521,55.350000
710.064142,49.859091
710.148736,46.240909
710.233303,43.640909
710.317842,42.113636
710.402354,41.259091
710.486838,40.750000
710.571295,40.222727
710.655725,40.150000
710.740127,41.168182
710.824502,42.204545
710.908849,43.804545
710.993169,45.768182
711.077462,48.768182
711.161727,53.022727
711.245965,58.331818
711.330175,64.968182
711.414358,72.950000
711.498514,81.295455
711.582642,89.859091
711.666743,99.331818
711.750816,108.386364
711.834862,117.477273
711.918880,125.713636
712.002871,132.568182
712.086835,137.840909
712.170771,141.131818
712.254680,141.895455
712.338561,140.786364
712.422415,138.640909
712.506241,134.477273
712.590040,128.004545
712.673812,120.059091
712.757556,110.677273
712.841273,100.968182
712.924962,91.495455
713.008624,82.022727
713.092258,73.259091
713.175865,64.895455
713.259445,57.004545
713.342997,49.895455
713.426522,44.331818
713.510019,39.604545
713.593489,35.786364
713.676931,33.040909
713.760346,31.350000
713.843733,29.222727
713.927093,27.604545
714.010426,26.386364
714.093731,25.422727
714.177008,24.677273
714.260258,23.768182
714.343481,22.786364
714.426676,21.986364
714.509844,21.731818
714.592984,21.422727
714.676097,20.804545
714.759183,20.622727
714.842240,20.550000
714.925271,19.895455
715.008274,19.768182
715.091249,19.695455
715.174197,19.568182
715.257118,19.513636
715.340011,19.495455
715.422877,19.622727
715.505715,19.259091
715.588525,18.786364
715.671309,18.695455
715.754064,18.750000
715.836793,18.840909
715.919493,18.768182
716.002167,18.422727
716.084812,18.313636
716.167431,18.331818
716.250021,18.422727
716.332585,17.950000
716.415121,18.040909
716.497629,18.222727
716.580110,18.204545
716.662563,18.204545
716.744989,18.131818
716.827387,17.968182
716.909758,18.059091
716.992102,17.659091
717.074417,17.513636
717.156706,17.350000
717.238967,17.422727
717.321200,17.586364
717.403406,17.840909
717.485584,17.404545
717.567735,17.277273
717.649858,17.386364
717.731954,17.422727
717.814023,17.295455
717.896063,17.477273
717.978077,17.150000
718.060062,16.840909
718.142021,16.859091
718.223951,16.986364
718.305855,16.713636
718.387730,17.040909
718.469579,16.822727
718.551399,16.877273
718.633192,17.077273
718.714958,16.804545
718.796696,17.131818
718.878407,17.331818
718.960090,17.368182
719.041745,17.368182
719.123373,17.004545
719.204974,17.040909
719.286546,17.131818
719.368092,17.222727
719.449610,17.259091
719.531100,17.022727
719.612563,17.531818
719.693998,17.550000
719.775406,17.586364
719.856786,17.622727
719.938138,17.550000
720.019463,17.513636
720.100761,17.495455
720.182031,17.259091
720.263273,17.386364
720.344488,17.004545
720.425675,17.059091
720.506835,16.895455
720.587967,16.750000
720.669072,16.459091
720.750149,16.622727
720.831199,16.713636
720.912220,16.986364
720.993215,17.259091
721.074182,17.477273
721.155121,17.222727
721.236033,17.368182
721.316917,17.240909
721.397773,17.204545
721.478602,16.986364
721.559404,17.186364
721.640178,17.004545
721.720924,16.859091
721.801643,16.440909
721.882334,16.240909
721.962998,16.113636
722.043634,16.004545
722.124242,15.713636
722.204823,15.568182
722.285376,15.477273
722.365902,15.295455
722.446400,15.240909
722.526870,15.440909
722.607313,15.386364
722.687729,15.440909
722.768116,15.150000
722.848477,15.168182
722.928809,15.313636
723.009114,15.550000
723.089391,15.531818
723.169641,15.659091
723.249863,15.386364
723.330058,15.022727
723.410225,14.859091
723.490364,14.913636
723.570476,14.986364
723.650560,15.113636
723.730617,14.859091
723.810646,15.022727
723.890647,14.913636
723.970621,15.040909
724.050567,15.113636
724.130486,15.240909
724.210377,15.386364
724.290240,15.240909
724.370076,14.986364
724.449884,14.877273
724.529665,14.859091
724.609417,15.077273
724.689143,14.895455
724.768840,14.986364
724.848510,15.695455
724.928153,15.404545
725.007767,15.386364
725.087355,15.495455
725.166914,15.404545
725.246446,15.622727
725.325950,15.804545
725.405427,15.731818
725.484876,15.895455
725.564297,15.731818
725.643691,15.731818
725.723057,15.022727
725.802396,15.113636
725.881706,15.404545
725.960990,15.531818
726.040245,15.459091
726.119473,15.368182
726.198673,15.295455
726.277846,15.150000
726.356991,14.895455
726.436108,15.004545
726.515198,14.931818
726.594260,14.768182
726.673294,14.822727
726.752301,14.840909
726.831280,14.931818
726.910231,15.168182
726.989155,15.331818
727.068051,15.586364
727.146920,15.677273
727.225761,15.750000
727.304574,15.695455
727.383359,15.495455
727.462117,15.459091
727.540847,15.404545
727.619550,15.331818
727.698224,15.404545
727.776871,15.477273
727.855491,15.568182
727.934083,15.222727
728.012647,15.295455
728.091183,15.059091
728.169692,15.259091
728.248173,15.368182
728.326627,15.750000
728.405052,15.859091
728.483450,15.695455
728.561821,15.459091
728.640163,15.695455
728.718479,15.731818
728.796766,15.586364
728.875025,15.877273
728.953257,16.168182
729.031462,15.731818
729.109638,15.931818
729.187787,15.895455
729.265908,15.804545
729.344002,16.004545
729.422068,15.840909
729.500106,15.713636
729.578116,15.404545
729.656099,15.440909
729.734054,15.059091
729.811981,14.895455
729.889881,15.150000
729.967753,15.022727
730.045597,14.568182
730.123414,14.531818
730.201202,14.204545
730.278963,14.313636
730.356697,14.095455
730.434402,14.204545
730.512080,14.331818
730.589731,14.186364
730.667353,14.095455
730.744948,14.150000
730.822515,14.150000
730.900054,14.477273
730.977566,14.222727
731.055050,14.495455
731.132506,14.604545
731.209935,14.786364
731.287335,14.768182
731.364708,14.586364
731.442054,14.731818
731.519371,14.713636
731.596661,14.677273
731.673923,14.404545
731.751158,14.077273
731.828364,14.368182
731.905543,14.131818
731.982694,13.786364
732.059818,13.568182
732.136913,13.404545
732.213981,13.550000
732.291022,13.622727
732.368034,13.768182
732.445019,13.531818
732.521976,13.531818
732.598905,13.913636
732.675806,13.713636
732.752680,13.895455
732.829526,13.804545
732.906344,13.495455
732.983135,13.495455
733.059898,13.568182
733.136633,13.477273
733.213340,13.386364
733.290019,13.822727
733.366671,13.877273
733.443295,13.350000
733.519891,13.295455
733.596459,13.150000
733.673000,13.186364
733.749513,13.186364
733.825998,13.186364
733.902455,13.240909
733.978885,13.222727
734.055287,13.259091
734.131661,12.622727
734.208007,12.404545
734.284326,12.513636
734.360616,12.677273
734.436879,12.604545
734.513114,12.677273
734.589322,13.040909
734.665501,13.204545
734.741653,13.204545
734.817777,13.168182
734.893873,13.240909
734.969942,13.931818
735.045982,14.022727
735.121995,14.131818
735.197980,13.750000
735.273938,14.240909
735.349867,14.259091
735.425769,14.131818
735.501643,13.895455
735.577489,13.640909
735.653307,13.440909
735.729098,13.477273
735.804860,13.222727
735.880595,13.277273
735.956302,13.186364
736.031982,13.131818
736.107633,12.750000
736.183257,12.913636
736.258853,12.986364
736.334421,13.240909
736.409961,13.150000
736.485474,13.386364
736.560958,13.222727
736.636415,13.368182
736.711844,13.259091
736.787245,13.404545
736.862619,13.531818
736.937964,13.586364
737.013282,13.640909
737.088572,13.495455
737.163834,13.168182
737.239068,13.640909
737.314275,13.531818
737.389453,13.404545
737.464604,13.295455
737.539727,13.550000
737.614822,13.731818
737.689890,14.150000
737.764929,14.422727
737.839941,14.240909
737.914925,14.422727
737.989881,14.695455
738.064809,14.677273
738.139709,14.731818
738.214581,14.859091
738.289426,14.586364
738.364243,14.531818
738.439032,14.459091
738.513793,14.550000
738.588526,14.022727
738.663231,14.004545
738.737909,13.968182
738.812559,13.659091
738.887180,13.295455
738.961774,13.404545
739.036340,13.295455
739.110879,13.331818
739.185389,13.640909
739.259872,13.495455
739.334326,13.168182
739.408753,13.168182
739.483152,13.513636
739.557523,13.368182
739.631866,13.731818
739.706182,13.640909
739.780469,13.477273
739.854729,13.568182
739.928961,13.568182
740.003165,13.240909
740.077341,13.222727
740.151489,13.531818
740.225609,13.859091
740.299701,13.422727
740.373766,13.295455
740.447802,13.477273
740.521811,13.659091
740.595792,13.550000
740.669745,13.750000
740.743670,13.859091
740.817567,14.131818
740.891437,13.950000
740.965278,13.695455
741.039092,13.277273
741.112877,13.404545
741.186635,13.731818
741.260365,13.677273
741.334067,13.731818
741.407741,13.804545
741.481387,13.750000
741.555006,14.004545
741.628596,14.131818
741.702159,14.877273
741.775693,15.004545
741.849200,15.531818
741.922679,15.677273
741.996130,15.859091
742.069552,15.968182
742.142948,16.313636
742.216315,16.877273
742.289654,17.113636
742.362965,17.259091
742.436249,17.204545
742.509504,16.986364
742.582732,17.368182
742.655932,17.277273
742.729103,17.240909
742.802247,17.277273
742.875363,17.168182
742.948451,17.113636
743.021511,17.022727
743.094543,16.640909
743.167548,16.259091
743.240524,15.968182
743.313472,15.877273
743.386393,15.240909
743.459285,15.204545
743.532150,15.259091
743.604986,14.859091
743.677795,14.513636
743.750576,14.059091
743.823329,13.531818
743.896054,13.477273
743.968751,13.204545
744.041420,13.404545
744.114061,13.004545
744.186674,12.968182
744.259259,12.840909
744.331816,12.495455
744.404346,12.277273
744.476847,12.022727
744.549320,11.840909
744.621766,12.131818
744.694183,12.240909
744.766573,12.313636
744.838934,11.895455
744.911268,11.986364
744.983574,11.840909
745.055851,11.822727
745.128101,12.204545
745.200323,12.313636
745.272517,12.531818
745.344683,12.840909
745.416820,12.931818
745.488930,13.040909
745.561012,13.404545
745.633066,13.659091
745.705092,13.695455
745.777090,14.095455
745.849061,14.040909
745.921003,14.022727
745.992917,13.986364
746.064803,14.222727
746.136661,14.513636
746.208491,14.277273
746.280294,14.604545
746.352068,14.459091
746.423814,14.750000
746.495532,15.113636
746.567223,14.986364
746.638885,15.586364
746.710519,15.586364
746.782126,15.804545
746.853704,15.459091
746.925254,14.950000
746.996777,15.368182
747.068271,15.095455
747.139737,15.059091
747.211176,14.513636
747.282586,14.077273
747.353968,13.986364
747.425323,13.095455
747.496649,13.240909
747.567947,13.804545
747.639218,13.877273
747.710460,14.240909
747.781675,14.004545
747.852861,13.731818
747.924019,13.931818
747.995149,14.204545
748.066252,14.059091
748.137326,13.931818
748.208372,14.331818
748.279391,13.877273
748.350381,13.150000
748.421343,13.022727
748.492277,12.677273
748.563183,12.404545
748.634062,12.422727
748.704912,11.822727
748.775734,11.531818
748.846528,11.804545
748.917294,11.840909
748.988032,11.895455
749.058742,12.004545
749.129424,11.786364
749.200078,11.913636
749.270704,11.968182
749.341302,12.077273
749.411872,12.240909
749.482413,12.659091
749.552927,13.022727
749.623413,13.077273
749.693871,13.222727
749.764300,13.168182
749.834702,13.022727
749.905075,13.604545
