#02_cooling_EuGa4_Mar07_23.dat.txt
#Tue, Mar 7, 2023, 10:58 AM
#WL (nm), Int (cts)
674.996352,100.204545
675.091533,100.331818
675.186688,100.786364
675.281816,101.113636
675.376916,100.713636
675.471990,101.059091
675.567037,101.604545
675.662057,101.659091
675.757051,101.222727
675.852017,101.277273
675.946956,101.259091
676.041869,101.077273
676.136754,100.604545
676.231613,100.168182
676.326444,99.804545
676.421249,99.895455
676.516027,99.240909
676.610778,98.804545
676.705502,98.586364
676.800199,98.622727
676.894869,98.550000
676.989513,98.386364
677.084129,98.295455
677.178718,98.731818
677.273281,98.150000
677.367816,98.368182
677.462325,98.240909
677.556807,98.677273
677.651261,99.168182
677.745689,99.531818
677.840090,99.859091
677.934464,99.822727
678.028811,99.640909
678.123131,99.895455
678.217424,100.040909
678.311690,100.913636
678.405930,101.150000
678.500142,101.222727
678.594327,101.150000
678.688486,101.150000
678.782617,101.222727
678.876722,100.295455
678.970799,100.495455
679.064850,100.640909
679.158873,100.968182
679.252870,100.950000
679.346840,100.786364
679.440783,100.404545
679.534698,101.186364
679.628587,100.931818
679.722449,101.350000
679.816284,101.495455
679.910092,102.186364
680.003873,102.440909
680.097627,103.186364
680.191354,103.077273
680.285054,102.895455
680.378727,103.368182
680.472373,103.622727
680.565993,102.986364
680.659585,103.677273
680.753150,103.040909
680.846688,102.750000
680.940199,102.840909
681.033684,102.931818
681.127141,102.459091
681.220571,102.113636
681.313975,101.495455
681.407351,100.731818
681.500700,100.604545
681.594023,104.822727
681.687318,104.459091
681.780587,103.950000
681.873828,103.713636
681.967042,103.259091
682.060230,102.877273
682.153390,102.768182
682.246524,102.786364
682.339630,103.150000
682.432710,103.459091
682.525762,102.986364
682.618788,98.513636
682.711786,98.331818
682.804757,99.022727
682.897702,99.022727
682.990619,99.531818
683.083510,99.186364
683.176373,98.931818
683.269210,99.240909
683.362019,99.331818
683.454801,99.259091
683.547557,99.368182
683.640285,99.477273
683.732986,99.531818
683.825661,99.604545
683.918308,99.604545
684.010928,99.368182
684.103522,99.604545
684.196088,99.840909
684.288627,99.513636
684.381139,100.059091
684.473624,100.659091
684.566082,100.931818
684.658514,101.040909
684.750918,101.368182
684.843295,101.950000
684.935645,102.422727
685.027968,101.986364
685.120264,102.059091
685.212533,102.477273
685.304774,102.659091
685.396989,102.622727
685.489177,102.604545
685.581338,103.204545
685.673471,104.222727
685.765578,104.677273
685.857658,104.913636
685.949710,105.968182
686.041736,107.459091
686.133734,109.531818
686.225706,111.386364
686.317650,113.822727
686.409567,116.695455
686.501458,119.913636
686.593321,122.640909
686.685157,125.331818
686.776966,128.950000
686.868748,132.350000
686.960503,135.877273
687.052231,139.022727
687.143932,141.768182
687.235606,143.931818
687.327252,146.131818
687.418872,147.295455
687.510465,147.968182
687.602030,148.313636
687.693569,147.713636
687.785080,146.168182
687.876564,144.295455
687.968021,141.440909
688.059452,138.404545
688.150855,135.168182
688.242231,132.695455
688.333580,128.495455
688.424901,124.586364
688.516196,120.640909
688.607464,116.931818
688.698704,113.859091
688.789918,110.604545
688.881104,108.022727
688.972264,105.768182
689.063396,104.150000
689.154501,101.822727
689.245579,99.368182
689.336630,98.677273
689.427654,97.531818
689.518651,96.622727
689.609620,96.222727
689.700563,95.804545
689.791478,95.659091
689.882367,94.986364
689.973228,96.095455
690.064062,97.131818
690.154869,97.986364
690.245649,99.059091
690.336402,99.659091
690.427128,101.186364
690.517826,102.204545
690.608498,102.168182
690.699142,101.531818
690.789759,101.186364
690.880350,101.477273
690.970913,99.295455
691.061449,97.622727
691.151957,96.477273
691.242439,95.040909
691.332894,93.713636
691.423321,92.313636
691.513721,90.804545
691.604095,90.640909
691.694441,91.331818
691.784760,91.713636
691.875051,91.986364
691.965316,92.840909
692.055554,93.640909
692.145764,94.459091
692.235947,95.822727
692.326104,96.986364
692.416233,98.513636
692.506334,100.895455
692.596409,104.095455
692.686457,107.295455
692.776477,111.968182
692.866471,117.986364
692.956437,125.113636
693.046376,132.295455
693.136288,140.040909
693.226172,148.059091
693.316030,155.495455
693.405860,161.859091
693.495664,167.186364
693.585440,171.113636
693.675189,173.550000
693.764911,174.568182
693.854605,174.768182
693.944273,175.077273
694.033913,176.150000
694.123526,177.386364
694.213112,180.204545
694.302671,188.422727
694.392203,202.586364
694.481707,225.313636
694.571185,257.659091
694.660635,302.004545
694.750058,353.640909
694.839454,407.695455
694.928822,455.531818
695.018164,494.895455
695.107478,524.877273
695.196765,544.695455
695.286025,555.459091
695.375258,557.731818
695.464464,551.222727
695.553642,536.240909
695.642793,513.168182
695.731918,488.931818
695.821014,469.840909
695.910084,466.531818
695.999127,485.040909
696.088142,528.022727
696.177130,588.640909
696.266091,654.440909
696.355025,715.677273
696.443931,765.113636
696.532811,798.786364
696.621663,817.350000
696.710488,818.950000
696.799286,804.604545
696.888056,773.350000
696.976799,723.331818
697.065516,655.331818
697.154205,575.131818
697.242866,492.022727
697.331501,415.350000
697.420108,350.804545
697.508688,299.768182
697.597241,260.113636
697.685767,231.222727
697.774265,208.950000
697.862737,192.677273
697.951181,180.386364
698.039598,169.840909
698.127987,161.222727
698.216350,154.459091
698.304685,148.640909
698.392993,142.877273
698.481274,138.350000
698.569527,134.531818
698.657753,131.331818
698.745953,128.168182
698.834124,125.040909
698.922269,122.495455
699.010386,119.731818
699.098477,118.277273
699.186539,116.022727
699.274575,114.113636
699.362584,112.840909
699.450565,111.277273
699.538519,109.840909
699.626445,108.695455
699.714345,108.222727
699.802217,107.931818
699.890062,107.422727
699.977880,107.059091
700.065671,106.168182
700.153434,105.622727
700.241170,105.313636
700.328879,104.750000
700.416560,104.150000
700.504214,103.804545
700.591841,102.477273
700.679441,101.822727
700.767014,101.004545
700.854559,100.150000
700.942077,99.150000
701.029568,98.350000
701.117031,97.768182
701.204467,96.950000
701.291876,96.586364
701.379258,96.550000
701.466612,96.131818
701.553939,96.386364
701.641239,96.259091
701.728512,96.822727
701.815757,97.440909
701.902975,98.550000
701.990166,99.477273
702.077330,100.659091
702.164466,102.022727
702.251575,102.895455
702.338657,103.713636
702.425711,104.568182
702.512738,105.531818
702.599738,105.804545
702.686710,106.295455
702.773656,106.659091
702.860574,106.604545
702.947464,106.422727
703.034328,106.295455
703.121164,106.313636
703.207973,106.459091
703.294754,106.968182
703.381509,107.877273
703.468235,108.568182
703.554935,110.095455
703.641607,111.622727
703.728253,113.713636
703.814870,116.059091
703.901461,118.877273
703.988024,121.386364
704.074560,123.440909
704.161068,125.677273
704.247549,127.295455
704.334003,129.240909
704.420430,130.659091
704.506829,131.368182
704.593201,131.586364
704.679546,131.313636
704.765863,131.986364
704.852153,132.404545
704.938416,133.259091
705.024652,134.477273
705.110860,136.095455
705.197040,138.368182
705.283194,140.804545
705.369320,144.131818
705.455419,148.495455
705.541490,153.204545
705.627534,158.931818
705.713551,164.459091
705.799541,170.640909
705.885503,177.713636
705.971438,185.004545
706.057345,193.277273
706.143225,201.386364
706.229078,210.113636
706.314904,219.531818
706.400702,228.968182
706.486473,238.277273
706.572216,247.022727
706.657932,255.350000
706.743621,262.240909
706.829282,267.313636
706.914917,270.277273
707.000523,271.350000
707.086103,271.004545
707.171655,268.204545
707.257179,263.313636
707.342677,256.586364
707.428147,249.622727
707.513589,241.150000
707.599005,231.731818
707.684393,222.786364
707.769753,214.331818
707.855086,207.695455
707.940392,203.204545
708.025671,201.204545
708.110922,202.840909
708.196146,207.422727
708.281342,216.731818
708.366511,229.150000
708.451653,245.022727
708.536767,262.950000
708.621854,281.095455
708.706913,299.313636
708.791946,315.095455
708.876950,326.768182
708.961928,333.422727
709.046878,334.131818
709.131800,329.986364
709.216696,319.877273
709.301564,304.495455
709.386404,285.568182
709.471217,264.168182
709.556003,242.259091
709.640761,220.531818
709.725492,200.677273
709.810196,181.913636
709.894872,167.240909
709.979521,156.240909
710.064142,148.040909
710.148736,142.295455
710.233303,138.240909
710.317842,135.586364
710.402354,134.950000
710.486838,133.568182
710.571295,132.859091
710.655725,132.731818
710.740127,133.731818
710.824502,135.040909
710.908849,136.895455
710.993169,139.931818
711.077462,143.877273
711.161727,150.150000
711.245965,157.913636
711.330175,167.186364
711.414358,178.513636
711.498514,190.950000
711.582642,203.604545
711.666743,217.804545
711.750816,232.059091
711.834862,245.586364
711.918880,258.477273
712.002871,269.077273
712.086835,276.913636
712.170771,282.113636
712.254680,283.731818
712.338561,282.568182
712.422415,278.822727
712.506241,272.095455
712.590040,262.113636
712.673812,249.295455
712.757556,235.186364
712.841273,219.659091
712.924962,204.750000
713.008624,189.859091
713.092258,175.386364
713.175865,162.022727
713.259445,149.804545
713.342997,138.640909
713.426522,130.004545
713.510019,122.931818
713.593489,117.168182
713.676931,112.931818
713.760346,110.004545
713.843733,107.040909
713.927093,105.259091
714.010426,103.950000
714.093731,102.477273
714.177008,101.513636
714.260258,100.677273
714.343481,99.186364
714.426676,97.950000
714.509844,97.622727
714.592984,97.004545
714.676097,96.022727
714.759183,96.113636
714.842240,96.168182
714.925271,96.204545
715.008274,96.550000
715.091249,96.895455
715.174197,97.113636
715.257118,97.950000
715.340011,98.622727
715.422877,99.750000
715.505715,100.204545
715.588525,101.113636
715.671309,101.659091
715.754064,101.840909
715.836793,102.331818
715.919493,102.950000
716.002167,103.368182
716.084812,103.568182
716.167431,103.713636
716.250021,103.840909
716.332585,103.768182
716.415121,104.368182
716.497629,104.495455
716.580110,104.150000
716.662563,103.950000
716.744989,103.350000
716.827387,102.859091
716.909758,102.713636
716.992102,102.422727
717.074417,102.150000
717.156706,102.004545
717.238967,101.877273
717.321200,101.768182
717.403406,101.495455
717.485584,101.313636
717.567735,101.386364
717.649858,101.931818
717.731954,102.168182
717.814023,102.040909
717.896063,101.931818
717.978077,101.859091
718.060062,101.840909
718.142021,101.131818
718.223951,100.731818
718.305855,100.240909
718.387730,100.350000
718.469579,99.950000
718.551399,99.713636
718.633192,99.186364
718.714958,98.204545
718.796696,98.240909
718.878407,97.622727
718.960090,96.913636
719.041745,96.531818
719.123373,95.822727
719.204974,95.513636
719.286546,95.350000
719.368092,94.968182
719.449610,94.586364
719.531100,94.331818
719.612563,94.768182
719.693998,94.404545
719.775406,94.186364
719.856786,94.222727
719.938138,93.968182
720.019463,93.731818
720.100761,93.731818
720.182031,93.077273
720.263273,92.950000
720.344488,92.186364
720.425675,91.731818
720.506835,91.459091
720.587967,91.513636
720.669072,91.550000
720.750149,91.731818
720.831199,91.640909
720.912220,91.440909
720.993215,91.077273
721.074182,91.150000
721.155121,91.204545
721.236033,91.186364
721.316917,90.768182
721.397773,90.350000
721.478602,89.368182
721.559404,88.786364
721.640178,88.168182
721.720924,87.731818
721.801643,87.750000
721.882334,87.459091
721.962998,86.913636
722.043634,86.459091
722.124242,85.913636
722.204823,85.950000
722.285376,85.586364
722.365902,85.440909
722.446400,85.204545
722.526870,85.168182
722.607313,85.077273
722.687729,84.368182
722.768116,83.840909
722.848477,84.077273
722.928809,83.804545
723.009114,83.986364
723.089391,83.695455
723.169641,83.786364
723.249863,83.331818
723.330058,83.004545
723.410225,82.768182
723.490364,82.713636
723.570476,82.731818
723.650560,82.931818
723.730617,82.659091
723.810646,82.895455
723.890647,82.713636
723.970621,82.586364
724.050567,82.731818
724.130486,83.131818
724.210377,83.168182
724.290240,82.859091
724.370076,82.368182
724.449884,82.350000
724.529665,82.222727
724.609417,81.950000
724.689143,80.913636
724.768840,80.477273
724.848510,80.859091
724.928153,80.077273
725.007767,79.277273
725.087355,79.168182
725.166914,78.459091
725.246446,78.622727
725.325950,78.495455
725.405427,77.968182
725.484876,77.604545
725.564297,77.804545
725.643691,78.404545
725.723057,82.040909
725.802396,82.277273
725.881706,82.768182
725.960990,82.659091
726.040245,82.968182
726.119473,83.113636
726.198673,83.022727
726.277846,82.986364
726.356991,82.950000
726.436108,82.695455
726.515198,82.277273
726.594260,77.713636
726.673294,77.386364
726.752301,76.913636
726.831280,77.131818
726.910231,76.913636
726.989155,76.804545
727.068051,76.677273
727.146920,76.877273
727.225761,76.513636
727.304574,76.386364
727.383359,75.731818
727.462117,75.677273
727.540847,75.404545
727.619550,75.295455
727.698224,74.768182
727.776871,75.059091
727.855491,74.840909
727.934083,74.931818
728.012647,74.695455
728.091183,74.822727
728.169692,75.240909
728.248173,74.895455
728.326627,75.168182
728.405052,75.368182
728.483450,75.404545
728.561821,75.731818
728.640163,75.568182
728.718479,75.495455
728.796766,75.168182
728.875025,75.313636
728.953257,75.604545
729.031462,74.622727
729.109638,74.895455
729.187787,75.150000
729.265908,75.168182
729.344002,75.440909
729.422068,75.022727
729.500106,74.859091
729.578116,74.386364
729.656099,74.131818
729.734054,73.750000
729.811981,73.404545
729.889881,74.095455
729.967753,74.295455
730.045597,73.422727
730.123414,73.477273
730.201202,73.259091
730.278963,73.550000
730.356697,73.622727
730.434402,74.040909
730.512080,74.277273
730.589731,74.368182
730.667353,74.768182
730.744948,74.986364
730.822515,74.859091
730.900054,75.168182
730.977566,74.786364
731.055050,75.131818
731.132506,74.877273
731.209935,75.077273
731.287335,74.986364
731.364708,74.513636
731.442054,74.259091
731.519371,73.659091
731.596661,73.022727
731.673923,73.022727
731.751158,72.550000
731.828364,72.568182
731.905543,71.713636
731.982694,71.404545
732.059818,70.768182
732.136913,70.586364
732.213981,70.731818
732.291022,70.640909
732.368034,70.640909
732.445019,70.677273
732.521976,70.422727
732.598905,70.695455
732.675806,70.477273
732.752680,70.550000
732.829526,70.222727
732.906344,69.931818
732.983135,69.804545
733.059898,69.640909
733.136633,69.477273
733.213340,69.313636
733.290019,69.277273
733.366671,69.440909
733.443295,68.768182
733.519891,68.477273
733.596459,68.459091
733.673000,68.459091
733.749513,68.222727
733.825998,68.077273
733.902455,68.295455
733.978885,68.204545
734.055287,68.004545
734.131661,67.277273
734.208007,66.695455
734.284326,66.950000
734.360616,67.259091
734.436879,66.986364
734.513114,67.604545
734.589322,67.768182
734.665501,67.677273
734.741653,67.077273
734.817777,66.950000
734.893873,67.331818
734.969942,68.531818
735.045982,68.895455
735.121995,69.168182
735.197980,68.659091
735.273938,69.640909
735.349867,69.259091
735.425769,69.386364
735.501643,69.459091
735.577489,69.877273
735.653307,70.240909
735.729098,70.259091
735.804860,69.931818
735.880595,69.768182
735.956302,69.768182
736.031982,69.695455
736.107633,68.986364
736.183257,68.968182
736.258853,69.150000
736.334421,68.877273
736.409961,68.840909
736.485474,68.659091
736.560958,68.259091
736.636415,68.077273
736.711844,67.531818
736.787245,67.459091
736.862619,67.695455
736.937964,67.731818
737.013282,67.840909
737.088572,67.495455
737.163834,67.822727
737.239068,68.168182
737.314275,67.986364
737.389453,67.368182
737.464604,67.113636
737.539727,67.295455
737.614822,66.950000
737.689890,67.059091
737.764929,67.004545
737.839941,66.677273
737.914925,66.713636
737.989881,66.331818
738.064809,65.895455
738.139709,65.768182
738.214581,65.931818
738.289426,65.640909
738.364243,66.150000
738.439032,66.513636
738.513793,66.259091
738.588526,65.931818
738.663231,65.731818
738.737909,65.750000
738.812559,65.768182
738.887180,66.004545
738.961774,66.440909
739.036340,66.404545
739.110879,66.822727
739.185389,67.077273
739.259872,66.804545
739.334326,66.986364
739.408753,66.495455
739.483152,66.822727
739.557523,66.931818
739.631866,67.204545
739.706182,66.750000
739.780469,66.295455
739.854729,66.677273
739.928961,66.422727
740.003165,65.440909
740.077341,65.150000
740.151489,65.386364
740.225609,65.804545
740.299701,65.568182
740.373766,65.259091
740.447802,64.913636
740.521811,64.950000
740.595792,65.022727
740.669745,64.859091
740.743670,64.840909
740.817567,65.222727
740.891437,65.259091
740.965278,64.840909
741.039092,64.404545
741.112877,64.204545
741.186635,64.477273
741.260365,64.713636
741.334067,64.950000
741.407741,64.804545
741.481387,65.077273
741.555006,65.259091
741.628596,65.422727
741.702159,66.204545
741.775693,66.295455
741.849200,66.895455
741.922679,67.331818
741.996130,67.768182
742.069552,67.931818
742.142948,68.495455
742.216315,69.404545
742.289654,69.968182
742.362965,70.368182
742.436249,70.368182
742.509504,70.404545
742.582732,70.895455
742.655932,70.786364
742.729103,70.731818
742.802247,70.440909
742.875363,70.059091
742.948451,69.913636
743.021511,69.313636
743.094543,68.931818
743.167548,68.495455
743.240524,67.859091
743.313472,67.586364
743.386393,66.968182
743.459285,67.077273
743.532150,67.022727
743.604986,66.350000
743.677795,66.040909
743.750576,65.168182
743.823329,64.695455
743.896054,64.004545
743.968751,63.331818
744.041420,63.695455
744.114061,62.913636
744.186674,62.604545
744.259259,62.186364
744.331816,61.968182
744.404346,62.350000
744.476847,62.568182
744.549320,62.731818
744.621766,63.404545
744.694183,63.604545
744.766573,63.713636
744.838934,63.186364
744.911268,63.386364
744.983574,63.259091
745.055851,64.059091
745.128101,64.295455
745.200323,64.150000
745.272517,64.131818
745.344683,64.168182
745.416820,64.204545
745.488930,64.804545
745.561012,65.404545
745.633066,66.040909
745.705092,66.240909
745.777090,66.786364
745.849061,65.895455
745.921003,65.895455
745.992917,65.804545
746.064803,66.150000
746.136661,66.495455
746.208491,66.186364
746.280294,66.077273
746.352068,66.059091
746.423814,65.931818
746.495532,65.768182
746.567223,65.477273
746.638885,65.986364
746.710519,65.459091
746.782126,65.604545
746.853704,65.131818
746.925254,64.659091
746.996777,64.895455
747.068271,64.913636
747.139737,64.750000
747.211176,64.150000
747.282586,64.077273
747.353968,63.677273
747.425323,62.913636
747.496649,63.313636
747.567947,63.659091
747.639218,63.677273
747.710460,63.913636
747.781675,63.622727
747.852861,62.750000
747.924019,62.913636
747.995149,63.404545
748.066252,63.422727
748.137326,63.659091
748.208372,64.186364
748.279391,63.677273
748.350381,63.204545
748.421343,62.859091
748.492277,62.640909
748.563183,62.331818
748.634062,62.422727
748.704912,61.550000
748.775734,61.386364
748.846528,61.295455
748.917294,61.368182
748.988032,61.404545
749.058742,61.568182
749.129424,61.277273
749.200078,61.550000
749.270704,61.804545
749.341302,61.859091
749.411872,62.313636
749.482413,62.859091
749.552927,63.204545
749.623413,63.186364
749.693871,63.222727
749.764300,63.295455
749.834702,63.004545
749.905075,63.531818
