#13.85K_EuGa4_Mar08.jpg.txt
#Wed, Mar 8, 2023, 2:47 PM
#WL (nm), Int (cts)
674.996352,13.520455
675.091533,13.611364
675.186688,13.429545
675.281816,13.465909
675.376916,13.302273
675.471990,13.429545
675.567037,13.338636
675.662057,13.284091
675.757051,13.229545
675.852017,13.156818
675.946956,13.502273
676.041869,13.647727
676.136754,13.811364
676.231613,13.738636
676.326444,13.702273
676.421249,13.429545
676.516027,13.375000
676.610778,13.593182
676.705502,13.720455
676.800199,13.684091
676.894869,13.865909
676.989513,13.847727
677.084129,13.811364
677.178718,13.884091
677.273281,14.047727
677.367816,14.175000
677.462325,14.429545
677.556807,14.393182
677.651261,14.120455
677.745689,14.320455
677.840090,14.229545
677.934464,14.247727
678.028811,13.920455
678.123131,13.993182
678.217424,13.684091
678.311690,13.538636
678.405930,13.447727
678.500142,13.520455
678.594327,13.884091
678.688486,14.120455
678.782617,13.829545
678.876722,13.811364
678.970799,13.811364
679.064850,13.975000
679.158873,14.284091
679.252870,14.502273
679.346840,14.665909
679.440783,14.684091
679.534698,15.011364
679.628587,14.793182
679.722449,14.793182
679.816284,14.956818
679.910092,15.265909
680.003873,15.175000
680.097627,15.356818
680.191354,14.920455
680.285054,14.829545
680.378727,14.956818
680.472373,15.120455
680.565993,14.720455
680.659585,14.829545
680.753150,14.702273
680.846688,14.593182
680.940199,14.520455
681.033684,14.502273
681.127141,14.338636
681.220571,14.375000
681.313975,14.356818
681.407351,13.956818
681.500700,13.884091
681.594023,15.102273
681.687318,14.938636
681.780587,15.011364
681.873828,14.884091
681.967042,14.738636
682.060230,14.993182
682.153390,14.975000
682.246524,14.975000
682.339630,15.102273
682.432710,15.320455
682.525762,15.247727
682.618788,14.229545
682.711786,14.247727
682.804757,14.411364
682.897702,14.665909
682.990619,14.629545
683.083510,14.465909
683.176373,14.611364
683.269210,14.829545
683.362019,14.720455
683.454801,14.738636
683.547557,14.793182
683.640285,14.502273
683.732986,14.393182
683.825661,14.265909
683.918308,14.193182
684.010928,14.356818
684.103522,14.356818
684.196088,14.211364
684.288627,14.084091
684.381139,14.138636
684.473624,14.193182
684.566082,14.175000
684.658514,14.338636
684.750918,14.575000
684.843295,14.738636
684.935645,14.993182
685.027968,14.811364
685.120264,15.138636
685.212533,15.375000
685.304774,15.611364
685.396989,15.829545
685.489177,16.102273
685.581338,16.247727
685.673471,16.647727
685.765578,16.611364
685.857658,16.847727
685.949710,17.102273
686.041736,17.447727
686.133734,17.775000
686.225706,18.047727
686.317650,18.429545
686.409567,18.829545
686.501458,19.229545
686.593321,19.829545
686.685157,20.429545
686.776966,21.338636
686.868748,22.247727
686.960503,23.156818
687.052231,23.884091
687.143932,24.320455
687.235606,25.120455
687.327252,25.811364
687.418872,26.265909
687.510465,26.647727
687.602030,26.720455
687.693569,26.465909
687.785080,25.920455
687.876564,25.393182
687.968021,24.447727
688.059452,23.829545
688.150855,23.211364
688.242231,22.265909
688.333580,21.393182
688.424901,20.738636
688.516196,19.956818
688.607464,19.247727
688.698704,18.520455
688.789918,17.956818
688.881104,17.320455
688.972264,16.738636
689.063396,16.284091
689.154501,15.393182
689.245579,14.902273
689.336630,14.338636
689.427654,13.756818
689.518651,13.429545
689.609620,13.284091
689.700563,13.411364
689.791478,13.375000
689.882367,13.247727
689.973228,13.520455
690.064062,13.993182
690.154869,14.538636
690.245649,14.902273
690.336402,15.047727
690.427128,15.484091
690.517826,15.629545
690.608498,15.611364
690.699142,15.247727
690.789759,15.320455
690.880350,15.356818
690.970913,14.793182
691.061449,14.320455
691.151957,14.047727
691.242439,13.647727
691.332894,13.429545
691.423321,12.920455
691.513721,12.429545
691.604095,12.284091
691.694441,12.538636
691.784760,12.393182
691.875051,12.156818
691.965316,12.447727
692.055554,12.411364
692.145764,12.302273
692.235947,12.393182
692.326104,12.411364
692.416233,12.647727
692.506334,13.247727
692.596409,13.629545
692.686457,14.011364
692.776477,14.993182
692.866471,16.102273
692.956437,17.520455
693.046376,18.938636
693.136288,20.593182
693.226172,22.338636
693.316030,24.011364
693.405860,25.375000
693.495664,26.175000
693.585440,26.920455
693.675189,27.175000
693.764911,27.211364
693.854605,28.065909
693.944273,28.993182
694.033913,30.538636
694.123526,32.447727
694.213112,33.629545
694.302671,34.629545
694.392203,34.556818
694.481707,34.211364
694.571185,33.520455
694.660635,33.047727
694.750058,32.193182
694.839454,30.575000
694.928822,28.556818
695.018164,26.447727
695.107478,24.556818
695.196765,24.811364
695.286025,28.029545
695.375258,34.865909
695.464464,44.156818
695.553642,53.593182
695.642793,61.647727
695.731918,67.502273
695.821014,70.720455
695.910084,72.229545
695.999127,72.556818
696.088142,71.647727
696.177130,68.665909
696.266091,63.084091
696.355025,55.065909
696.443931,44.956818
696.532811,34.975000
696.621663,26.647727
696.710488,20.665909
696.799286,17.102273
696.888056,15.247727
696.976799,13.775000
697.065516,12.920455
697.154205,12.538636
697.242866,12.084091
697.331501,11.629545
697.420108,11.320455
697.508688,11.320455
697.597241,11.047727
697.685767,11.011364
697.774265,10.884091
697.862737,10.756818
697.951181,11.120455
698.039598,11.084091
698.127987,11.047727
698.216350,11.120455
698.304685,11.447727
698.392993,11.375000
698.481274,11.447727
698.569527,11.375000
698.657753,11.302273
698.745953,11.338636
698.834124,11.320455
698.922269,11.175000
699.010386,11.502273
699.098477,11.611364
699.186539,11.629545
699.274575,11.265909
699.362584,11.484091
699.450565,11.375000
699.538519,11.484091
699.626445,11.465909
699.714345,11.393182
699.802217,11.538636
699.890062,11.265909
699.977880,10.902273
700.065671,10.920455
700.153434,10.884091
700.241170,11.065909
700.328879,11.047727
700.416560,11.229545
700.504214,11.447727
700.591841,11.556818
700.679441,11.775000
700.767014,11.847727
700.854559,12.065909
700.942077,12.102273
701.029568,12.084091
701.117031,12.247727
701.204467,12.265909
701.291876,12.629545
701.379258,12.975000
701.466612,13.156818
701.553939,13.193182
701.641239,13.247727
701.728512,13.429545
701.815757,13.665909
701.902975,13.775000
701.990166,13.720455
702.077330,14.029545
702.164466,14.138636
702.251575,14.193182
702.338657,13.884091
702.425711,13.902273
702.512738,13.956818
702.599738,14.029545
702.686710,14.065909
702.773656,14.302273
702.860574,14.611364
702.947464,15.029545
703.034328,14.920455
703.121164,15.629545
703.207973,16.429545
703.294754,17.647727
703.381509,18.993182
703.468235,20.665909
703.554935,22.156818
703.641607,22.920455
703.728253,23.756818
703.814870,24.065909
703.901461,24.356818
703.988024,24.611364
704.074560,24.447727
704.161068,23.793182
704.247549,23.065909
704.334003,22.029545
704.420430,20.847727
704.506829,19.793182
704.593201,19.193182
704.679546,18.484091
704.765863,18.775000
704.852153,19.102273
704.938416,19.284091
705.024652,19.975000
705.110860,20.702273
705.197040,21.393182
705.283194,22.193182
705.369320,23.138636
705.455419,24.084091
705.541490,25.556818
705.627534,27.156818
705.713551,28.447727
705.799541,29.738636
705.885503,31.775000
705.971438,33.575000
706.057345,35.611364
706.143225,37.811364
706.229078,39.811364
706.314904,42.084091
706.400702,44.702273
706.486473,46.702273
706.572216,48.665909
706.657932,50.847727
706.743621,52.629545
706.829282,53.920455
706.914917,54.684091
707.000523,55.284091
707.086103,55.175000
707.171655,55.138636
707.257179,54.047727
707.342677,52.338636
707.428147,51.320455
707.513589,49.611364
707.599005,47.593182
707.684393,45.684091
707.769753,43.629545
707.855086,41.847727
707.940392,40.265909
708.025671,39.247727
708.110922,39.156818
708.196146,40.011364
708.281342,42.065909
708.366511,44.411364
708.451653,47.738636
708.536767,51.556818
708.621854,55.520455
708.706913,59.556818
708.791946,62.902273
708.876950,65.829545
708.961928,67.575000
709.046878,67.284091
709.131800,66.120455
709.216696,63.665909
709.301564,59.720455
709.386404,55.302273
709.471217,50.065909
709.556003,45.047727
709.640761,39.865909
709.725492,35.175000
709.810196,30.502273
709.894872,26.665909
709.979521,24.393182
710.064142,22.756818
710.148736,21.356818
710.233303,20.538636
710.317842,19.811364
710.402354,19.665909
710.486838,19.284091
710.571295,19.211364
710.655725,19.120455
710.740127,19.284091
710.824502,19.993182
710.908849,20.211364
710.993169,20.938636
711.077462,21.938636
711.161727,23.556818
711.245965,25.465909
711.330175,27.502273
711.414358,30.229545
711.498514,33.193182
711.582642,36.375000
711.666743,40.193182
711.750816,43.465909
711.834862,46.865909
711.918880,49.775000
712.002871,52.302273
712.086835,54.284091
712.170771,55.793182
712.254680,56.393182
712.338561,55.993182
712.422415,55.247727
712.506241,53.702273
712.590040,51.156818
712.673812,48.393182
712.757556,45.156818
712.841273,41.684091
712.924962,38.065909
713.008624,34.502273
713.092258,30.684091
713.175865,27.665909
713.259445,24.738636
713.342997,21.938636
713.426522,20.047727
713.510019,18.247727
713.593489,16.938636
713.676931,15.920455
713.760346,15.102273
713.843733,14.484091
713.927093,13.884091
714.010426,13.902273
714.093731,13.502273
714.177008,13.393182
714.260258,13.047727
714.343481,12.429545
714.426676,12.175000
714.509844,12.047727
714.592984,11.938636
714.676097,11.720455
714.759183,11.665909
714.842240,11.702273
714.925271,11.247727
715.008274,11.247727
715.091249,11.175000
715.174197,11.375000
715.257118,11.611364
715.340011,11.720455
715.422877,11.538636
715.505715,11.356818
715.588525,11.320455
715.671309,11.265909
715.754064,10.975000
715.836793,11.193182
715.919493,11.120455
716.002167,11.138636
716.084812,10.993182
716.167431,10.720455
716.250021,10.738636
716.332585,10.684091
716.415121,10.756818
716.497629,10.775000
716.580110,10.920455
716.662563,11.265909
716.744989,11.102273
716.827387,10.920455
716.909758,10.938636
716.992102,10.738636
717.074417,10.775000
717.156706,10.684091
717.238967,10.465909
717.321200,10.520455
717.403406,10.265909
717.485584,9.938636
717.567735,9.829545
717.649858,9.847727
717.731954,10.047727
717.814023,9.829545
717.896063,9.738636
717.978077,9.775000
718.060062,9.520455
718.142021,9.884091
718.223951,9.738636
718.305855,9.975000
718.387730,10.229545
718.469579,9.975000
718.551399,10.065909
718.633192,10.011364
718.714958,9.993182
718.796696,10.265909
718.878407,10.120455
718.960090,10.265909
719.041745,9.920455
719.123373,9.865909
719.204974,9.829545
719.286546,9.556818
719.368092,9.629545
719.449610,9.538636
719.531100,9.538636
719.612563,9.647727
719.693998,9.538636
719.775406,9.811364
719.856786,9.738636
719.938138,9.902273
720.019463,10.084091
720.100761,10.065909
720.182031,10.102273
720.263273,10.138636
720.344488,10.011364
720.425675,9.884091
720.506835,9.811364
720.587967,9.902273
720.669072,9.647727
720.750149,9.829545
720.831199,9.775000
720.912220,9.902273
720.993215,9.702273
721.074182,9.847727
721.155121,9.738636
721.236033,9.775000
721.316917,9.629545
721.397773,9.629545
721.478602,9.411364
721.559404,9.338636
721.640178,9.084091
721.720924,8.975000
721.801643,8.702273
721.882334,8.720455
721.962998,8.575000
722.043634,8.411364
722.124242,8.211364
722.204823,8.211364
722.285376,8.156818
722.365902,8.447727
722.446400,8.484091
722.526870,8.575000
722.607313,8.793182
722.687729,8.756818
722.768116,8.738636
722.848477,8.684091
722.928809,8.811364
723.009114,9.084091
723.089391,9.102273
723.169641,9.229545
723.249863,8.884091
723.330058,8.975000
723.410225,9.011364
723.490364,8.975000
723.570476,9.047727
723.650560,9.102273
723.730617,9.084091
723.810646,9.211364
723.890647,8.993182
723.970621,9.084091
724.050567,9.047727
724.130486,9.211364
724.210377,9.065909
724.290240,8.793182
724.370076,8.593182
724.449884,8.484091
724.529665,8.356818
724.609417,8.502273
724.689143,8.265909
724.768840,8.393182
724.848510,8.611364
724.928153,8.611364
725.007767,8.411364
725.087355,8.447727
725.166914,8.575000
725.246446,8.811364
725.325950,8.956818
725.405427,9.247727
725.484876,9.011364
725.564297,9.047727
725.643691,8.956818
725.723057,8.756818
725.802396,8.665909
725.881706,8.720455
725.960990,8.829545
726.040245,8.720455
726.119473,8.738636
726.198673,8.393182
726.277846,8.356818
726.356991,8.538636
726.436108,8.775000
726.515198,8.793182
726.594260,8.975000
726.673294,9.029545
726.752301,9.065909
726.831280,8.902273
726.910231,8.956818
726.989155,8.720455
727.068051,9.047727
727.146920,8.956818
727.225761,8.920455
727.304574,8.738636
727.383359,8.647727
727.462117,8.393182
727.540847,8.211364
727.619550,8.320455
727.698224,8.265909
727.776871,8.302273
727.855491,8.302273
727.934083,8.193182
728.012647,8.156818
728.091183,8.175000
728.169692,8.102273
728.248173,8.193182
728.326627,8.211364
728.405052,8.247727
728.483450,8.084091
728.561821,8.229545
728.640163,8.411364
728.718479,8.556818
728.796766,8.647727
728.875025,8.556818
728.953257,8.702273
729.031462,8.556818
729.109638,8.575000
729.187787,8.629545
729.265908,8.720455
729.344002,8.793182
729.422068,8.611364
729.500106,8.538636
729.578116,8.302273
729.656099,8.047727
729.734054,8.175000
729.811981,7.920455
729.889881,8.011364
729.967753,8.084091
730.045597,7.938636
730.123414,7.884091
730.201202,7.684091
730.278963,7.756818
730.356697,7.647727
730.434402,7.775000
730.512080,7.956818
730.589731,7.775000
730.667353,8.065909
730.744948,8.320455
730.822515,8.229545
730.900054,8.265909
730.977566,8.265909
731.055050,8.356818
731.132506,8.356818
731.209935,8.447727
731.287335,8.502273
731.364708,8.229545
731.442054,8.411364
731.519371,8.102273
731.596661,8.011364
731.673923,7.956818
731.751158,8.102273
731.828364,8.084091
731.905543,8.029545
731.982694,8.065909
732.059818,7.829545
732.136913,7.720455
732.213981,7.920455
732.291022,7.847727
732.368034,7.611364
732.445019,7.538636
732.521976,7.484091
732.598905,7.229545
732.675806,7.247727
732.752680,7.611364
732.829526,7.320455
732.906344,7.556818
732.983135,7.393182
733.059898,7.375000
733.136633,7.429545
733.213340,7.665909
733.290019,7.811364
733.366671,7.793182
733.443295,7.902273
733.519891,7.756818
733.596459,7.538636
733.673000,7.629545
733.749513,7.575000
733.825998,7.775000
733.902455,7.665909
733.978885,7.575000
734.055287,7.611364
734.131661,7.429545
734.208007,7.375000
734.284326,7.356818
734.360616,7.647727
734.436879,7.447727
734.513114,7.520455
734.589322,7.356818
734.665501,7.447727
734.741653,7.411364
734.817777,7.302273
734.893873,7.484091
734.969942,7.375000
735.045982,7.447727
735.121995,7.411364
735.197980,7.284091
735.273938,7.647727
735.349867,7.756818
735.425769,7.993182
735.501643,7.884091
735.577489,7.938636
735.653307,7.920455
735.729098,7.956818
735.804860,8.193182
735.880595,8.302273
735.956302,8.465909
736.031982,8.393182
736.107633,8.175000
736.183257,8.229545
736.258853,8.011364
736.334421,7.793182
736.409961,7.956818
736.485474,8.156818
736.560958,8.011364
736.636415,7.829545
736.711844,7.738636
736.787245,7.556818
736.862619,7.611364
736.937964,7.575000
737.013282,7.629545
737.088572,7.702273
737.163834,7.938636
737.239068,8.047727
737.314275,8.065909
737.389453,7.993182
737.464604,7.993182
737.539727,7.720455
737.614822,7.920455
737.689890,7.920455
737.764929,7.829545
737.839941,7.793182
737.914925,7.738636
737.989881,7.556818
738.064809,7.484091
738.139709,7.338636
738.214581,7.265909
738.289426,7.247727
738.364243,7.593182
738.439032,7.302273
738.513793,7.338636
738.588526,7.484091
738.663231,7.247727
738.737909,7.229545
738.812559,7.247727
738.887180,7.065909
738.961774,7.138636
739.036340,6.956818
739.110879,6.938636
739.185389,6.865909
739.259872,7.120455
739.334326,6.920455
739.408753,6.793182
739.483152,6.956818
739.557523,7.065909
739.631866,7.156818
739.706182,7.156818
739.780469,7.084091
739.854729,7.247727
739.928961,7.375000
740.003165,7.247727
740.077341,7.029545
740.151489,7.247727
740.225609,7.429545
740.299701,7.211364
740.373766,7.138636
740.447802,6.975000
740.521811,7.175000
740.595792,7.193182
740.669745,7.229545
740.743670,7.047727
740.817567,7.102273
740.891437,7.229545
740.965278,6.902273
741.039092,6.811364
741.112877,6.902273
741.186635,7.084091
741.260365,7.120455
741.334067,7.102273
741.407741,6.902273
741.481387,7.065909
741.555006,7.084091
741.628596,7.375000
741.702159,7.320455
741.775693,7.647727
741.849200,7.629545
741.922679,7.829545
741.996130,7.829545
742.069552,8.211364
742.142948,8.047727
742.216315,8.229545
742.289654,8.338636
742.362965,8.538636
742.436249,8.356818
742.509504,8.411364
742.582732,8.520455
742.655932,8.393182
742.729103,8.175000
742.802247,8.120455
742.875363,7.847727
742.948451,7.829545
743.021511,8.029545
743.094543,7.756818
743.167548,7.629545
743.240524,7.556818
743.313472,7.738636
743.386393,7.611364
743.459285,7.556818
743.532150,7.702273
743.604986,7.429545
743.677795,7.629545
743.750576,7.538636
743.823329,7.302273
743.896054,7.138636
743.968751,7.175000
744.041420,7.175000
744.114061,6.956818
744.186674,6.720455
744.259259,6.920455
744.331816,6.938636
744.404346,7.156818
744.476847,6.847727
744.549320,6.865909
744.621766,6.975000
744.694183,7.284091
744.766573,7.284091
744.838934,7.265909
744.911268,7.338636
744.983574,7.447727
745.055851,7.302273
745.128101,7.120455
745.200323,7.211364
745.272517,7.375000
745.344683,7.538636
745.416820,7.629545
745.488930,7.556818
745.561012,7.756818
745.633066,7.884091
745.705092,7.793182
745.777090,7.611364
745.849061,7.811364
745.921003,7.938636
745.992917,7.829545
746.064803,7.975000
746.136661,8.138636
746.208491,8.011364
746.280294,8.102273
746.352068,7.938636
746.423814,7.902273
746.495532,7.902273
746.567223,8.011364
746.638885,7.956818
746.710519,7.629545
746.782126,7.865909
746.853704,7.520455
746.925254,7.156818
746.996777,7.193182
747.068271,7.302273
747.139737,7.229545
747.211176,7.138636
747.282586,6.975000
747.353968,7.011364
747.425323,6.884091
747.496649,7.302273
747.567947,7.102273
747.639218,7.138636
747.710460,7.429545
747.781675,7.320455
747.852861,7.047727
747.924019,7.029545
747.995149,7.193182
748.066252,7.084091
748.137326,7.175000
748.208372,7.265909
748.279391,7.175000
748.350381,7.065909
748.421343,7.447727
748.492277,7.211364
748.563183,7.156818
748.634062,6.902273
748.704912,6.956818
748.775734,6.847727
748.846528,7.175000
748.917294,7.011364
748.988032,7.011364
749.058742,6.902273
749.129424,6.684091
749.200078,6.338636
749.270704,6.375000
749.341302,6.556818
749.411872,6.938636
749.482413,6.738636
749.552927,6.665909
749.623413,6.647727
749.693871,6.593182
749.764300,6.556818
749.834702,6.375000
749.905075,6.447727
