#15_cooling_EuGa4_Mar07_23.dat.txt
#Tue, Mar 7, 2023, 11:33 AM
#WL (nm), Int (cts)
674.996352,79.290909
675.091533,79.400000
675.186688,79.600000
675.281816,79.927273
675.376916,79.545455
675.471990,79.854545
675.567037,79.745455
675.662057,79.309091
675.757051,78.636364
675.852017,78.472727
675.946956,78.909091
676.041869,78.981818
676.136754,78.618182
676.231613,78.290909
676.326444,77.927273
676.421249,78.272727
676.516027,77.727273
676.610778,78.254545
676.705502,78.181818
676.800199,78.290909
676.894869,78.545455
676.989513,78.200000
677.084129,78.200000
677.178718,78.581818
677.273281,78.163636
677.367816,78.036364
677.462325,77.636364
677.556807,77.727273
677.651261,77.618182
677.745689,77.381818
677.840090,77.872727
677.934464,77.745455
678.028811,77.218182
678.123131,77.454545
678.217424,77.181818
678.311690,77.672727
678.405930,78.072727
678.500142,78.745455
678.594327,79.127273
678.688486,79.563636
678.782617,80.236364
678.876722,79.472727
678.970799,79.618182
679.064850,80.290909
679.158873,80.527273
679.252870,80.927273
679.346840,80.509091
679.440783,80.436364
679.534698,81.072727
679.628587,81.436364
679.722449,81.436364
679.816284,81.290909
679.910092,81.781818
680.003873,81.927273
680.097627,82.290909
680.191354,82.163636
680.285054,82.036364
680.378727,82.836364
680.472373,82.745455
680.565993,81.763636
680.659585,81.963636
680.753150,81.509091
680.846688,81.090909
680.940199,81.127273
681.033684,80.981818
681.127141,80.509091
681.220571,80.218182
681.313975,79.836364
681.407351,79.490909
681.500700,79.709091
681.594023,83.981818
681.687318,83.327273
681.780587,83.072727
681.873828,82.927273
681.967042,82.618182
682.060230,82.618182
682.153390,82.054545
682.246524,81.818182
682.339630,81.818182
682.432710,81.636364
682.525762,81.363636
682.618788,77.218182
682.711786,77.636364
682.804757,77.600000
682.897702,77.945455
682.990619,78.181818
683.083510,77.872727
683.176373,78.200000
683.269210,78.945455
683.362019,79.236364
683.454801,79.290909
683.547557,79.090909
683.640285,78.600000
683.732986,78.090909
683.825661,78.363636
683.918308,78.200000
684.010928,78.072727
684.103522,78.272727
684.196088,78.272727
684.288627,77.927273
684.381139,78.236364
684.473624,78.454545
684.566082,78.727273
684.658514,79.254545
684.750918,79.745455
684.843295,80.509091
684.935645,80.800000
685.027968,80.781818
685.120264,81.090909
685.212533,81.690909
685.304774,81.927273
685.396989,81.909091
685.489177,82.109091
685.581338,82.763636
685.673471,83.218182
685.765578,83.363636
685.857658,83.763636
685.949710,84.927273
686.041736,85.981818
686.133734,87.763636
686.225706,89.436364
686.317650,91.618182
686.409567,94.218182
686.501458,97.381818
686.593321,100.890909
686.685157,103.781818
686.776966,107.290909
686.868748,110.636364
686.960503,114.472727
687.052231,118.200000
687.143932,121.109091
687.235606,123.527273
687.327252,126.000000
687.418872,127.290909
687.510465,127.745455
687.602030,127.018182
687.693569,126.945455
687.785080,126.218182
687.876564,124.290909
687.968021,121.309091
688.059452,118.145455
688.150855,114.872727
688.242231,112.327273
688.333580,108.472727
688.424901,104.981818
688.516196,101.418182
688.607464,98.600000
688.698704,95.272727
688.789918,91.963636
688.881104,89.272727
688.972264,86.636364
689.063396,84.509091
689.154501,82.600000
689.245579,79.945455
689.336630,78.563636
689.427654,77.345455
689.518651,76.218182
689.609620,75.145455
689.700563,74.509091
689.791478,73.709091
689.882367,73.436364
689.973228,74.690909
690.064062,75.418182
690.154869,75.454545
690.245649,76.381818
690.336402,77.418182
690.427128,79.018182
690.517826,80.127273
690.608498,80.018182
690.699142,79.345455
690.789759,79.290909
690.880350,79.000000
690.970913,77.327273
691.061449,76.218182
691.151957,75.563636
691.242439,74.090909
691.332894,72.945455
691.423321,71.145455
691.513721,69.563636
691.604095,69.709091
691.694441,70.400000
691.784760,70.872727
691.875051,71.327273
691.965316,71.890909
692.055554,72.545455
692.145764,73.272727
692.235947,74.818182
692.326104,75.836364
692.416233,77.309091
692.506334,79.927273
692.596409,82.454545
692.686457,85.781818
692.776477,90.418182
692.866471,95.854545
692.956437,102.000000
693.046376,108.836364
693.136288,116.563636
693.226172,124.072727
693.316030,130.618182
693.405860,137.036364
693.495664,141.836364
693.585440,145.290909
693.675189,147.163636
693.764911,147.745455
693.854605,148.381818
693.944273,149.490909
694.033913,151.381818
694.123526,155.181818
694.213112,163.727273
694.302671,180.745455
694.392203,206.763636
694.481707,242.581818
694.571185,283.472727
694.660635,324.509091
694.750058,361.472727
694.839454,391.909091
694.928822,413.490909
695.018164,427.836364
695.107478,436.109091
695.196765,436.581818
695.286025,429.309091
695.375258,413.109091
695.464464,390.218182
695.553642,367.672727
695.642793,352.672727
695.731918,352.963636
695.821014,373.509091
695.910084,416.727273
695.999127,474.800000
696.088142,537.490909
696.177130,595.545455
696.266091,642.145455
696.355025,674.527273
696.443931,693.781818
696.532811,697.818182
696.621663,688.672727
696.710488,662.690909
696.799286,618.127273
696.888056,556.436364
696.976799,483.618182
697.065516,408.454545
697.154205,339.418182
697.242866,280.818182
697.331501,235.836364
697.420108,201.490909
697.508688,177.181818
697.597241,158.581818
697.685767,145.709091
697.774265,135.545455
697.862737,127.945455
697.951181,121.581818
698.039598,116.109091
698.127987,111.490909
698.216350,107.800000
698.304685,104.581818
698.392993,101.072727
698.481274,98.127273
698.569527,95.454545
698.657753,93.290909
698.745953,91.509091
698.834124,89.563636
698.922269,87.963636
699.010386,86.145455
699.098477,85.381818
699.186539,84.381818
699.274575,83.345455
699.362584,83.000000
699.450565,82.654545
699.538519,82.381818
699.626445,81.836364
699.714345,81.781818
699.802217,81.709091
699.890062,81.800000
699.977880,81.727273
700.065671,81.345455
700.153434,81.181818
700.241170,80.527273
700.328879,80.054545
700.416560,79.327273
700.504214,78.618182
700.591841,77.545455
700.679441,76.545455
700.767014,76.109091
700.854559,75.381818
700.942077,74.818182
701.029568,74.272727
701.117031,73.672727
701.204467,73.800000
701.291876,73.872727
701.379258,74.000000
701.466612,74.509091
701.553939,75.345455
701.641239,76.200000
701.728512,77.090909
701.815757,77.890909
701.902975,78.963636
701.990166,80.127273
702.077330,81.163636
702.164466,82.272727
702.251575,83.000000
702.338657,83.745455
702.425711,84.181818
702.512738,84.709091
702.599738,84.654545
702.686710,84.436364
702.773656,85.036364
702.860574,85.036364
702.947464,84.763636
703.034328,84.600000
703.121164,84.218182
703.207973,84.527273
703.294754,85.363636
703.381509,86.327273
703.468235,87.472727
703.554935,89.654545
703.641607,91.490909
703.728253,93.945455
703.814870,96.890909
703.901461,99.745455
703.988024,102.727273
704.074560,105.363636
704.161068,107.381818
704.247549,108.145455
704.334003,109.436364
704.420430,109.672727
704.506829,109.490909
704.593201,109.218182
704.679546,108.490909
704.765863,107.745455
704.852153,107.363636
704.938416,107.618182
705.024652,108.527273
705.110860,110.418182
705.197040,113.218182
705.283194,115.654545
705.369320,119.236364
705.455419,123.581818
705.541490,128.345455
705.627534,133.963636
705.713551,140.145455
705.799541,146.909091
705.885503,154.090909
705.971438,161.618182
706.057345,169.545455
706.143225,177.672727
706.229078,186.963636
706.314904,196.200000
706.400702,205.763636
706.486473,215.054545
706.572216,223.745455
706.657932,232.054545
706.743621,238.363636
706.829282,243.563636
706.914917,246.800000
707.000523,247.981818
707.086103,247.545455
707.171655,244.727273
707.257179,240.200000
707.342677,234.036364
707.428147,227.254545
707.513589,218.927273
707.599005,210.200000
707.684393,201.600000
707.769753,192.981818
707.855086,186.163636
707.940392,181.345455
708.025671,179.145455
708.110922,180.418182
708.196146,184.963636
708.281342,194.218182
708.366511,206.618182
708.451653,220.818182
708.536767,237.509091
708.621854,255.763636
708.706913,273.690909
708.791946,290.181818
708.876950,302.218182
708.961928,309.000000
709.046878,309.636364
709.131800,305.345455
709.216696,294.145455
709.301564,278.290909
709.386404,260.600000
709.471217,239.672727
709.556003,217.400000
709.640761,195.236364
709.725492,173.854545
709.810196,155.018182
709.894872,139.927273
709.979521,128.890909
710.064142,120.545455
710.148736,115.127273
710.233303,111.163636
710.317842,108.400000
710.402354,106.727273
710.486838,105.472727
710.571295,105.200000
710.655725,105.072727
710.740127,105.963636
710.824502,107.745455
710.908849,110.109091
710.993169,112.709091
711.077462,116.818182
711.161727,123.145455
711.245965,131.381818
711.330175,141.272727
711.414358,152.909091
711.498514,165.272727
711.582642,178.545455
711.666743,192.563636
711.750816,206.781818
711.834862,220.272727
711.918880,233.400000
712.002871,244.654545
712.086835,252.690909
712.170771,257.400000
712.254680,258.690909
712.338561,257.563636
712.422415,253.945455
712.506241,246.945455
712.590040,237.509091
712.673812,224.654545
712.757556,210.290909
712.841273,194.818182
712.924962,179.618182
713.008624,164.854545
713.092258,150.963636
713.175865,137.872727
713.259445,125.490909
713.342997,114.236364
713.426522,105.363636
713.510019,97.527273
713.593489,92.072727
713.676931,87.290909
713.760346,84.618182
713.843733,81.054545
713.927093,78.490909
714.010426,76.654545
714.093731,75.127273
714.177008,73.890909
714.260258,72.636364
714.343481,71.600000
714.426676,70.745455
714.509844,69.763636
714.592984,69.945455
714.676097,69.090909
714.759183,69.436364
714.842240,69.818182
714.925271,69.545455
715.008274,70.454545
715.091249,70.854545
715.174197,71.545455
715.257118,72.145455
715.340011,72.690909
715.422877,73.981818
715.505715,73.981818
715.588525,74.509091
715.671309,74.563636
715.754064,74.254545
715.836793,74.490909
715.919493,74.381818
716.002167,74.563636
716.084812,74.545455
716.167431,74.345455
716.250021,74.363636
716.332585,73.745455
716.415121,74.090909
716.497629,73.945455
716.580110,73.763636
716.662563,74.254545
716.744989,74.418182
716.827387,73.909091
716.909758,73.781818
716.992102,73.509091
717.074417,73.545455
717.156706,73.272727
717.238967,73.181818
717.321200,72.945455
717.403406,72.945455
717.485584,72.490909
717.567735,71.963636
717.649858,71.654545
717.731954,71.836364
717.814023,71.563636
717.896063,71.018182
717.978077,70.272727
718.060062,70.290909
718.142021,70.127273
718.223951,69.672727
718.305855,69.400000
718.387730,69.581818
718.469579,69.636364
718.551399,69.745455
718.633192,69.381818
718.714958,68.872727
718.796696,69.309091
718.878407,69.381818
718.960090,68.745455
719.041745,68.363636
719.123373,67.618182
719.204974,67.145455
719.286546,67.090909
719.368092,66.381818
719.449610,66.018182
719.531100,65.600000
719.612563,65.800000
719.693998,65.236364
719.775406,65.000000
719.856786,64.854545
719.938138,64.309091
720.019463,64.818182
720.100761,64.981818
720.182031,64.400000
720.263273,64.436364
720.344488,63.890909
720.425675,63.800000
720.506835,63.800000
720.587967,63.818182
720.669072,63.618182
720.750149,63.872727
720.831199,64.018182
720.912220,63.727273
720.993215,63.509091
721.074182,63.436364
721.155121,63.418182
721.236033,63.309091
721.316917,62.909091
721.397773,62.327273
721.478602,62.090909
721.559404,61.709091
721.640178,61.236364
721.720924,60.618182
721.801643,60.418182
721.882334,60.000000
721.962998,59.654545
722.043634,59.054545
722.124242,59.163636
722.204823,59.000000
722.285376,58.618182
722.365902,58.036364
722.446400,58.200000
722.526870,58.345455
722.607313,58.472727
722.687729,57.909091
722.768116,57.745455
722.848477,57.709091
722.928809,57.981818
723.009114,57.763636
723.089391,57.563636
723.169641,57.636364
723.249863,57.345455
723.330058,57.054545
723.410225,56.890909
723.490364,57.381818
723.570476,57.563636
723.650560,57.618182
723.730617,57.472727
723.810646,57.472727
723.890647,57.472727
723.970621,57.690909
724.050567,57.727273
724.130486,57.945455
724.210377,57.636364
724.290240,57.109091
724.370076,56.327273
724.449884,55.909091
724.529665,55.400000
724.609417,55.709091
724.689143,55.109091
724.768840,54.618182
724.848510,55.309091
724.928153,55.181818
725.007767,54.600000
725.087355,54.654545
725.166914,54.400000
725.246446,54.472727
725.325950,54.490909
725.405427,54.454545
725.484876,53.981818
725.564297,54.072727
725.643691,53.654545
725.723057,52.581818
725.802396,52.436364
725.881706,52.836364
725.960990,53.000000
726.040245,52.727273
726.119473,52.781818
726.198673,52.600000
726.277846,52.654545
726.356991,52.545455
726.436108,52.636364
726.515198,52.927273
726.594260,52.327273
726.673294,52.436364
726.752301,52.254545
726.831280,51.945455
726.910231,51.890909
726.989155,51.709091
727.068051,52.036364
727.146920,51.836364
727.225761,51.527273
727.304574,51.036364
727.383359,50.618182
727.462117,50.818182
727.540847,50.218182
727.619550,50.127273
727.698224,49.727273
727.776871,49.581818
727.855491,49.581818
727.934083,49.254545
728.012647,49.109091
728.091183,49.254545
728.169692,49.818182
728.248173,50.127273
728.326627,50.509091
728.405052,50.781818
728.483450,50.690909
728.561821,51.072727
728.640163,51.618182
728.718479,51.781818
728.796766,51.636364
728.875025,51.963636
728.953257,52.090909
729.031462,51.581818
729.109638,51.381818
729.187787,51.490909
729.265908,51.036364
729.344002,51.145455
729.422068,50.490909
729.500106,50.581818
729.578116,50.072727
729.656099,50.018182
729.734054,49.400000
729.811981,49.090909
729.889881,49.290909
729.967753,49.090909
730.045597,48.745455
730.123414,48.981818
730.201202,48.745455
730.278963,49.200000
730.356697,48.945455
730.434402,48.927273
730.512080,49.109091
730.589731,49.327273
730.667353,49.400000
730.744948,49.527273
730.822515,49.509091
730.900054,49.527273
730.977566,49.290909
731.055050,49.654545
731.132506,49.781818
731.209935,49.836364
731.287335,49.927273
731.364708,49.690909
731.442054,49.745455
731.519371,49.672727
731.596661,49.181818
731.673923,49.000000
731.751158,48.418182
731.828364,48.400000
731.905543,47.909091
731.982694,47.400000
732.059818,47.109091
732.136913,46.763636
732.213981,46.400000
732.291022,46.272727
732.368034,46.018182
732.445019,45.909091
732.521976,45.781818
732.598905,46.072727
732.675806,45.818182
732.752680,45.945455
732.829526,45.763636
732.906344,45.418182
732.983135,45.290909
733.059898,45.400000
733.136633,45.309091
733.213340,45.381818
733.290019,45.163636
733.366671,44.872727
733.443295,44.509091
733.519891,44.272727
733.596459,43.927273
733.673000,43.581818
733.749513,43.218182
733.825998,43.454545
733.902455,43.872727
733.978885,43.563636
734.055287,43.072727
734.131661,42.818182
734.208007,42.927273
734.284326,42.890909
734.360616,43.290909
734.436879,43.054545
734.513114,43.363636
734.589322,43.654545
734.665501,43.254545
734.741653,42.763636
734.817777,42.690909
734.893873,43.254545
734.969942,44.036364
735.045982,44.345455
735.121995,44.527273
735.197980,44.181818
735.273938,45.200000
735.349867,44.890909
735.425769,44.945455
735.501643,45.090909
735.577489,44.945455
735.653307,44.836364
735.729098,44.490909
735.804860,44.200000
735.880595,44.036364
735.956302,44.363636
736.031982,44.200000
736.107633,43.418182
736.183257,44.236364
736.258853,44.327273
736.334421,44.163636
736.409961,44.090909
736.485474,44.418182
736.560958,44.545455
736.636415,44.636364
736.711844,44.363636
736.787245,44.018182
736.862619,44.018182
736.937964,44.018182
737.013282,43.472727
737.088572,43.127273
737.163834,43.000000
737.239068,44.090909
737.314275,43.981818
737.389453,43.672727
737.464604,43.527273
737.539727,43.527273
737.614822,43.436364
737.689890,43.854545
737.764929,43.854545
737.839941,43.600000
737.914925,43.563636
737.989881,43.618182
738.064809,42.909091
738.139709,43.036364
738.214581,43.090909
738.289426,42.890909
738.364243,43.327273
738.439032,43.472727
738.513793,43.472727
738.588526,43.218182
738.663231,43.363636
738.737909,43.327273
738.812559,43.218182
738.887180,43.036364
738.961774,43.072727
739.036340,42.745455
739.110879,43.054545
739.185389,43.090909
739.259872,42.872727
739.334326,42.563636
739.408753,42.272727
739.483152,42.254545
739.557523,42.509091
739.631866,43.036364
739.706182,43.000000
739.780469,42.363636
739.854729,42.963636
739.928961,42.472727
740.003165,42.072727
740.077341,41.818182
740.151489,42.309091
740.225609,42.672727
740.299701,42.490909
740.373766,42.254545
740.447802,42.036364
740.521811,42.018182
740.595792,42.145455
740.669745,41.890909
740.743670,41.890909
740.817567,41.963636
740.891437,41.836364
740.965278,41.163636
741.039092,40.909091
741.112877,40.709091
741.186635,41.254545
741.260365,41.254545
741.334067,41.145455
741.407741,41.436364
741.481387,41.636364
741.555006,42.036364
741.628596,42.454545
741.702159,43.054545
741.775693,43.454545
741.849200,43.854545
741.922679,44.381818
741.996130,44.345455
742.069552,44.490909
742.142948,45.400000
742.216315,45.872727
742.289654,46.509091
742.362965,46.545455
742.436249,46.509091
742.509504,46.781818
742.582732,47.236364
742.655932,47.072727
742.729103,46.818182
742.802247,46.654545
742.875363,46.418182
742.948451,45.872727
743.021511,45.472727
743.094543,44.781818
743.167548,44.363636
743.240524,43.690909
743.313472,43.345455
743.386393,42.690909
743.459285,42.672727
743.532150,42.963636
743.604986,42.472727
743.677795,42.272727
743.750576,41.872727
743.823329,41.490909
743.896054,41.181818
743.968751,41.054545
744.041420,41.254545
744.114061,40.672727
744.186674,40.690909
744.259259,40.600000
744.331816,40.236364
744.404346,40.200000
744.476847,40.054545
744.549320,39.963636
744.621766,40.127273
744.694183,40.400000
744.766573,40.436364
744.838934,40.218182
744.911268,40.290909
744.983574,39.872727
745.055851,39.963636
745.128101,40.109091
745.200323,40.472727
745.272517,40.672727
745.344683,40.927273
745.416820,41.345455
745.488930,41.672727
745.561012,41.981818
745.633066,42.363636
745.705092,42.509091
745.777090,42.818182
745.849061,42.563636
745.921003,42.690909
745.992917,42.545455
746.064803,42.854545
746.136661,43.090909
746.208491,42.672727
746.280294,42.581818
746.352068,42.509091
746.423814,42.745455
746.495532,42.690909
746.567223,42.745455
746.638885,43.272727
746.710519,42.945455
746.782126,43.018182
746.853704,42.490909
746.925254,41.945455
746.996777,42.509091
747.068271,42.709091
747.139737,42.854545
747.211176,42.327273
747.282586,42.290909
747.353968,42.327273
747.425323,41.672727
747.496649,42.072727
747.567947,42.490909
747.639218,42.363636
747.710460,42.545455
747.781675,42.018182
747.852861,41.527273
747.924019,41.854545
747.995149,42.018182
748.066252,41.872727
748.137326,41.672727
748.208372,41.872727
748.279391,41.254545
748.350381,40.345455
748.421343,40.345455
748.492277,40.254545
748.563183,39.836364
748.634062,39.545455
748.704912,38.563636
748.775734,38.436364
748.846528,38.418182
748.917294,38.236364
748.988032,38.436364
749.058742,38.709091
749.129424,38.890909
749.200078,39.200000
749.270704,39.345455
749.341302,39.381818
749.411872,39.654545
749.482413,40.127273
749.552927,40.545455
749.623413,40.763636
749.693871,40.709091
749.764300,40.436364
749.834702,40.018182
749.905075,40.200000
