#19_cooling_EuGa4_Mar07_23.dat.txt
#Tue, Mar 7, 2023, 11:41 AM
#WL (nm), Int (cts)
674.996352,51.200000
675.091533,51.490909
675.186688,51.472727
675.281816,51.709091
675.376916,51.690909
675.471990,51.618182
675.567037,51.945455
675.662057,52.072727
675.757051,51.690909
675.852017,51.200000
675.946956,51.345455
676.041869,51.272727
676.136754,51.072727
676.231613,50.618182
676.326444,50.418182
676.421249,50.436364
676.516027,50.363636
676.610778,50.309091
676.705502,50.218182
676.800199,50.254545
676.894869,50.654545
676.989513,50.800000
677.084129,50.781818
677.178718,50.909091
677.273281,51.272727
677.367816,51.381818
677.462325,51.400000
677.556807,51.600000
677.651261,51.709091
677.745689,51.672727
677.840090,52.072727
677.934464,52.036364
678.028811,51.745455
678.123131,51.927273
678.217424,51.709091
678.311690,51.527273
678.405930,51.509091
678.500142,51.618182
678.594327,51.490909
678.688486,51.672727
678.782617,52.000000
678.876722,51.636364
678.970799,51.709091
679.064850,52.018182
679.158873,52.127273
679.252870,52.309091
679.346840,52.418182
679.440783,52.163636
679.534698,53.036364
679.628587,53.272727
679.722449,53.418182
679.816284,53.309091
679.910092,53.563636
680.003873,53.618182
680.097627,54.109091
680.191354,54.200000
680.285054,54.363636
680.378727,54.909091
680.472373,55.109091
680.565993,54.054545
680.659585,54.309091
680.753150,54.127273
680.846688,54.181818
680.940199,54.018182
681.033684,53.745455
681.127141,53.163636
681.220571,52.945455
681.313975,52.636364
681.407351,52.509091
681.500700,52.545455
681.594023,56.018182
681.687318,55.800000
681.780587,55.454545
681.873828,55.109091
681.967042,54.981818
682.060230,55.163636
682.153390,55.181818
682.246524,54.854545
682.339630,54.690909
682.432710,54.109091
682.525762,53.945455
682.618788,50.690909
682.711786,50.490909
682.804757,50.654545
682.897702,50.690909
682.990619,50.745455
683.083510,50.581818
683.176373,50.600000
683.269210,50.854545
683.362019,51.072727
683.454801,51.290909
683.547557,51.272727
683.640285,50.981818
683.732986,50.872727
683.825661,50.709091
683.918308,50.527273
684.010928,50.472727
684.103522,50.363636
684.196088,50.490909
684.288627,50.454545
684.381139,50.854545
684.473624,51.036364
684.566082,51.254545
684.658514,51.545455
684.750918,51.563636
684.843295,52.181818
684.935645,52.472727
685.027968,52.581818
685.120264,52.745455
685.212533,52.890909
685.304774,53.072727
685.396989,53.018182
685.489177,53.181818
685.581338,53.436364
685.673471,54.000000
685.765578,54.381818
685.857658,54.709091
685.949710,55.345455
686.041736,56.145455
686.133734,57.436364
686.225706,58.636364
686.317650,60.036364
686.409567,61.945455
686.501458,64.054545
686.593321,66.090909
686.685157,68.036364
686.776966,70.781818
686.868748,73.254545
686.960503,76.054545
687.052231,78.654545
687.143932,80.709091
687.235606,82.618182
687.327252,84.618182
687.418872,85.490909
687.510465,86.072727
687.602030,86.018182
687.693569,85.618182
687.785080,84.436364
687.876564,82.909091
687.968021,81.018182
688.059452,79.018182
688.150855,76.618182
688.242231,74.709091
688.333580,72.000000
688.424901,69.618182
688.516196,66.800000
688.607464,64.890909
688.698704,62.909091
688.789918,60.890909
688.881104,59.472727
688.972264,57.509091
689.063396,55.981818
689.154501,54.563636
689.245579,52.654545
689.336630,51.654545
689.427654,50.727273
689.518651,50.054545
689.609620,49.418182
689.700563,48.872727
689.791478,48.563636
689.882367,47.963636
689.973228,48.672727
690.064062,49.018182
690.154869,49.381818
690.245649,50.363636
690.336402,51.163636
690.427128,52.181818
690.517826,52.800000
690.608498,52.927273
690.699142,52.581818
690.789759,52.454545
690.880350,52.327273
690.970913,51.145455
691.061449,50.163636
691.151957,49.618182
691.242439,48.563636
691.332894,47.509091
691.423321,46.581818
691.513721,45.545455
691.604095,45.400000
691.694441,46.018182
691.784760,46.254545
691.875051,46.672727
691.965316,47.345455
692.055554,47.690909
692.145764,47.945455
692.235947,48.690909
692.326104,49.363636
692.416233,50.472727
692.506334,52.163636
692.596409,53.745455
692.686457,55.527273
692.776477,58.472727
692.866471,61.963636
692.956437,65.909091
693.046376,71.254545
693.136288,76.454545
693.226172,81.527273
693.316030,86.036364
693.405860,89.818182
693.495664,92.927273
693.585440,95.309091
693.675189,96.618182
693.764911,97.400000
693.854605,97.800000
693.944273,98.509091
694.033913,100.036364
694.123526,104.090909
694.213112,112.272727
694.302671,126.781818
694.392203,147.927273
694.481707,173.472727
694.571185,199.618182
694.660635,222.872727
694.750058,241.490909
694.839454,254.872727
694.928822,263.581818
695.018164,268.054545
695.107478,268.454545
695.196765,264.181818
695.286025,254.200000
695.375258,238.872727
695.464464,222.090909
695.553642,209.418182
695.642793,207.636364
695.731918,219.018182
695.821014,244.690909
695.910084,282.709091
695.999127,324.400000
696.088142,362.690909
696.177130,393.090909
696.266091,413.872727
696.355025,425.563636
696.443931,429.254545
696.532811,424.218182
696.621663,409.090909
696.710488,382.527273
696.799286,345.309091
696.888056,298.618182
696.976799,249.400000
697.065516,204.490909
697.154205,167.690909
697.242866,139.854545
697.331501,119.800000
697.420108,105.181818
697.508688,94.490909
697.597241,86.436364
697.685767,80.981818
697.774265,76.000000
697.862737,72.618182
697.951181,69.400000
698.039598,67.236364
698.127987,65.345455
698.216350,63.672727
698.304685,61.981818
698.392993,60.145455
698.481274,58.836364
698.569527,57.400000
698.657753,56.527273
698.745953,55.763636
698.834124,54.272727
698.922269,53.909091
699.010386,53.163636
699.098477,52.181818
699.186539,51.545455
699.274575,50.909091
699.362584,50.945455
699.450565,50.963636
699.538519,51.109091
699.626445,50.781818
699.714345,50.927273
699.802217,51.345455
699.890062,51.381818
699.977880,51.218182
700.065671,51.145455
700.153434,50.745455
700.241170,50.818182
700.328879,50.418182
700.416560,50.018182
700.504214,49.345455
700.591841,48.563636
700.679441,48.036364
700.767014,47.854545
700.854559,47.490909
700.942077,47.218182
701.029568,47.127273
701.117031,47.163636
701.204467,46.945455
701.291876,47.018182
701.379258,46.945455
701.466612,47.418182
701.553939,48.290909
701.641239,48.800000
701.728512,49.418182
701.815757,49.945455
701.902975,50.454545
701.990166,51.090909
702.077330,51.727273
702.164466,52.509091
702.251575,52.781818
702.338657,53.090909
702.425711,53.290909
702.512738,53.290909
702.599738,52.927273
702.686710,52.927273
702.773656,53.036364
702.860574,53.145455
702.947464,53.054545
703.034328,53.000000
703.121164,53.000000
703.207973,53.436364
703.294754,54.272727
703.381509,55.036364
703.468235,56.109091
703.554935,58.000000
703.641607,59.654545
703.728253,61.563636
703.814870,64.054545
703.901461,66.054545
703.988024,67.981818
704.074560,69.345455
704.161068,70.327273
704.247549,70.909091
704.334003,71.400000
704.420430,71.327273
704.506829,70.745455
704.593201,70.109091
704.679546,69.618182
704.765863,68.472727
704.852153,68.054545
704.938416,68.363636
705.024652,69.090909
705.110860,70.727273
705.197040,72.381818
705.283194,74.454545
705.369320,77.345455
705.455419,80.490909
705.541490,83.854545
705.627534,87.600000
705.713551,92.418182
705.799541,97.236364
705.885503,102.018182
705.971438,107.345455
706.057345,113.054545
706.143225,118.763636
706.229078,125.163636
706.314904,131.218182
706.400702,137.854545
706.486473,144.036364
706.572216,149.781818
706.657932,154.636364
706.743621,159.236364
706.829282,163.272727
706.914917,165.327273
707.000523,165.763636
707.086103,165.490909
707.171655,163.363636
707.257179,160.200000
707.342677,155.309091
707.428147,150.618182
707.513589,145.309091
707.599005,139.345455
707.684393,133.163636
707.769753,126.618182
707.855086,122.272727
707.940392,119.072727
708.025671,117.472727
708.110922,118.727273
708.196146,121.745455
708.281342,128.363636
708.366511,136.818182
708.451653,146.545455
708.536767,158.709091
708.621854,170.781818
708.706913,182.909091
708.791946,193.418182
708.876950,201.400000
708.961928,206.236364
709.046878,207.000000
709.131800,204.472727
709.216696,197.254545
709.301564,186.527273
709.386404,174.545455
709.471217,159.963636
709.556003,145.200000
709.640761,130.527273
709.725492,116.472727
709.810196,103.781818
709.894872,93.363636
709.979521,85.000000
710.064142,79.145455
710.148736,75.400000
710.233303,72.527273
710.317842,70.272727
710.402354,69.290909
710.486838,68.290909
710.571295,68.127273
710.655725,67.909091
710.740127,68.818182
710.824502,69.836364
710.908849,71.600000
710.993169,73.345455
711.077462,76.218182
711.161727,80.418182
711.245965,85.890909
711.330175,92.527273
711.414358,100.563636
711.498514,108.581818
711.582642,117.636364
711.666743,127.436364
711.750816,137.090909
711.834862,146.327273
711.918880,154.727273
712.002871,162.000000
712.086835,167.690909
712.170771,171.054545
712.254680,172.127273
712.338561,171.345455
712.422415,169.054545
712.506241,164.690909
712.590040,157.563636
712.673812,149.181818
712.757556,139.418182
712.841273,129.400000
712.924962,118.763636
713.008624,108.745455
713.092258,99.345455
713.175865,90.454545
713.259445,81.581818
713.342997,73.690909
713.426522,67.181818
713.510019,62.309091
713.593489,58.018182
713.676931,54.981818
713.760346,53.127273
713.843733,51.490909
713.927093,49.509091
714.010426,48.400000
714.093731,47.381818
714.177008,46.909091
714.260258,46.654545
714.343481,46.145455
714.426676,45.345455
714.509844,45.054545
714.592984,44.745455
714.676097,44.181818
714.759183,43.945455
714.842240,44.745455
714.925271,44.600000
715.008274,44.945455
715.091249,45.163636
715.174197,45.400000
715.257118,45.763636
715.340011,46.218182
715.422877,46.927273
715.505715,47.127273
715.588525,47.345455
715.671309,47.709091
715.754064,47.509091
715.836793,47.436364
715.919493,47.527273
716.002167,47.745455
716.084812,47.418182
716.167431,47.236364
716.250021,47.290909
716.332585,46.781818
716.415121,47.127273
716.497629,47.054545
716.580110,46.890909
716.662563,46.818182
716.744989,46.672727
716.827387,46.363636
716.909758,46.127273
716.992102,46.327273
717.074417,46.145455
717.156706,45.945455
717.238967,46.236364
717.321200,46.290909
717.403406,46.181818
717.485584,46.018182
717.567735,45.818182
717.649858,45.927273
717.731954,45.818182
717.814023,45.781818
717.896063,45.490909
717.978077,45.036364
718.060062,45.000000
718.142021,44.672727
718.223951,44.363636
718.305855,44.472727
718.387730,44.436364
718.469579,44.290909
718.551399,44.254545
718.633192,43.854545
718.714958,43.236364
718.796696,43.127273
718.878407,43.145455
718.960090,43.000000
719.041745,42.872727
719.123373,42.200000
719.204974,41.800000
719.286546,41.654545
719.368092,41.472727
719.449610,41.236364
719.531100,41.145455
719.612563,41.327273
719.693998,41.327273
719.775406,41.327273
719.856786,40.909091
719.938138,40.654545
720.019463,40.963636
720.100761,40.890909
720.182031,40.654545
720.263273,40.563636
720.344488,40.181818
720.425675,40.000000
720.506835,39.763636
720.587967,39.618182
720.669072,39.309091
720.750149,39.472727
720.831199,39.618182
720.912220,39.454545
720.993215,39.454545
721.074182,39.418182
721.155121,39.509091
721.236033,39.436364
721.316917,39.563636
721.397773,39.690909
721.478602,39.654545
721.559404,39.636364
721.640178,39.436364
721.720924,39.090909
721.801643,38.781818
721.882334,38.690909
721.962998,38.381818
722.043634,37.945455
722.124242,37.981818
722.204823,37.709091
722.285376,37.381818
722.365902,36.872727
722.446400,36.836364
722.526870,36.909091
722.607313,36.872727
722.687729,36.690909
722.768116,36.363636
722.848477,36.545455
722.928809,36.527273
723.009114,36.618182
723.089391,36.709091
723.169641,36.745455
723.249863,36.836364
723.330058,36.763636
723.410225,36.636364
723.490364,36.581818
723.570476,36.745455
723.650560,36.836364
723.730617,36.672727
723.810646,36.509091
723.890647,36.018182
723.970621,35.890909
724.050567,36.054545
724.130486,36.036364
724.210377,35.818182
724.290240,35.618182
724.370076,35.400000
724.449884,35.272727
724.529665,34.890909
724.609417,35.072727
724.689143,34.854545
724.768840,35.036364
724.848510,35.490909
724.928153,35.309091
725.007767,34.581818
725.087355,34.672727
725.166914,34.490909
725.246446,34.600000
725.325950,34.672727
725.405427,34.745455
725.484876,34.563636
725.564297,34.618182
725.643691,34.672727
725.723057,33.818182
725.802396,33.872727
725.881706,34.400000
725.960990,34.436364
726.040245,34.200000
726.119473,34.236364
726.198673,34.109091
726.277846,33.800000
726.356991,33.636364
726.436108,33.654545
726.515198,33.672727
726.594260,33.581818
726.673294,33.490909
726.752301,33.400000
726.831280,33.418182
726.910231,33.618182
726.989155,33.545455
727.068051,33.509091
727.146920,33.654545
727.225761,33.563636
727.304574,33.436364
727.383359,33.272727
727.462117,33.290909
727.540847,33.072727
727.619550,33.072727
727.698224,32.836364
727.776871,32.654545
727.855491,32.436364
727.934083,32.181818
728.012647,32.236364
728.091183,32.309091
728.169692,32.472727
728.248173,32.363636
728.326627,32.618182
728.405052,32.509091
728.483450,32.127273
728.561821,32.254545
728.640163,32.254545
728.718479,32.309091
728.796766,32.345455
728.875025,32.218182
728.953257,32.236364
729.031462,31.854545
729.109638,31.872727
729.187787,31.836364
729.265908,31.618182
729.344002,31.872727
729.422068,31.363636
729.500106,31.327273
729.578116,31.163636
729.656099,31.072727
729.734054,30.872727
729.811981,30.745455
729.889881,30.963636
729.967753,30.727273
730.045597,30.290909
730.123414,30.509091
730.201202,30.236364
730.278963,30.436364
730.356697,30.581818
730.434402,30.763636
730.512080,31.018182
730.589731,31.363636
730.667353,31.345455
730.744948,31.436364
730.822515,31.727273
730.900054,31.672727
730.977566,31.509091
731.055050,31.672727
731.132506,31.709091
731.209935,31.745455
731.287335,31.509091
731.364708,31.163636
731.442054,31.309091
731.519371,30.927273
731.596661,30.381818
731.673923,30.018182
731.751158,29.890909
731.828364,30.018182
731.905543,29.890909
731.982694,29.836364
732.059818,29.436364
732.136913,29.745455
732.213981,29.690909
732.291022,29.236364
732.368034,29.490909
732.445019,29.581818
732.521976,29.654545
732.598905,30.218182
732.675806,30.109091
732.752680,29.963636
732.829526,29.981818
732.906344,29.945455
732.983135,29.327273
733.059898,29.327273
733.136633,29.490909
733.213340,29.290909
733.290019,29.363636
733.366671,29.090909
733.443295,28.363636
733.519891,28.236364
733.596459,28.418182
733.673000,28.345455
733.749513,28.163636
733.825998,28.509091
733.902455,28.545455
733.978885,28.254545
734.055287,28.090909
734.131661,27.872727
734.208007,28.018182
734.284326,28.018182
734.360616,28.200000
734.436879,27.909091
734.513114,27.836364
734.589322,28.072727
734.665501,27.927273
734.741653,27.654545
734.817777,27.581818
734.893873,27.781818
734.969942,28.181818
735.045982,27.981818
735.121995,28.290909
735.197980,27.872727
735.273938,28.363636
735.349867,28.254545
735.425769,28.345455
735.501643,28.472727
735.577489,28.581818
735.653307,28.581818
735.729098,28.418182
735.804860,28.436364
735.880595,28.436364
735.956302,28.454545
736.031982,28.436364
736.107633,28.309091
736.183257,28.690909
736.258853,28.672727
736.334421,28.454545
736.409961,28.163636
736.485474,28.418182
736.560958,28.545455
736.636415,28.418182
736.711844,28.090909
736.787245,27.890909
736.862619,27.654545
736.937964,27.490909
737.013282,27.345455
737.088572,26.963636
737.163834,27.000000
737.239068,28.018182
737.314275,27.800000
737.389453,27.800000
737.464604,27.690909
737.539727,28.072727
737.614822,28.090909
737.689890,28.636364
737.764929,28.781818
737.839941,28.618182
737.914925,28.727273
737.989881,28.600000
738.064809,28.018182
738.139709,28.200000
738.214581,27.727273
738.289426,27.490909
738.364243,27.381818
738.439032,27.309091
738.513793,27.400000
738.588526,26.800000
738.663231,26.800000
738.737909,26.781818
738.812559,26.818182
738.887180,26.727273
738.961774,27.090909
739.036340,27.309091
739.110879,27.581818
739.185389,27.909091
739.259872,27.981818
739.334326,27.981818
739.408753,28.145455
739.483152,28.181818
739.557523,28.018182
739.631866,28.236364
739.706182,27.963636
739.780469,27.290909
739.854729,27.545455
739.928961,27.545455
740.003165,27.236364
740.077341,27.109091
740.151489,26.836364
740.225609,27.018182
740.299701,26.890909
740.373766,26.800000
740.447802,26.745455
740.521811,26.818182
740.595792,26.963636
740.669745,27.000000
740.743670,26.854545
740.817567,26.818182
740.891437,27.163636
740.965278,26.981818
741.039092,26.672727
741.112877,26.400000
741.186635,26.745455
741.260365,26.727273
741.334067,26.527273
741.407741,26.581818
741.481387,26.454545
741.555006,26.600000
741.628596,27.036364
741.702159,27.109091
741.775693,27.527273
741.849200,27.963636
741.922679,28.454545
741.996130,28.490909
742.069552,28.690909
742.142948,29.181818
742.216315,29.690909
742.289654,30.000000
742.362965,30.145455
742.436249,29.727273
742.509504,29.890909
742.582732,30.072727
742.655932,30.036364
742.729103,29.818182
742.802247,29.909091
742.875363,29.745455
742.948451,29.800000
743.021511,29.509091
743.094543,29.290909
743.167548,29.109091
743.240524,29.000000
743.313472,28.745455
743.386393,28.200000
743.459285,28.218182
743.532150,28.436364
743.604986,28.290909
743.677795,28.272727
743.750576,27.836364
743.823329,27.563636
743.896054,27.090909
743.968751,26.890909
744.041420,26.872727
744.114061,26.509091
744.186674,26.236364
744.259259,26.218182
744.331816,26.018182
744.404346,25.727273
744.476847,25.400000
744.549320,25.472727
744.621766,25.781818
744.694183,26.036364
744.766573,26.090909
744.838934,25.818182
744.911268,25.945455
744.983574,25.745455
745.055851,25.654545
745.128101,25.509091
745.200323,25.836364
745.272517,25.927273
745.344683,26.072727
745.416820,26.018182
745.488930,26.127273
745.561012,26.290909
745.633066,26.763636
745.705092,26.890909
745.777090,27.472727
745.849061,27.345455
745.921003,27.581818
745.992917,27.363636
746.064803,27.763636
746.136661,27.872727
746.208491,27.490909
746.280294,27.781818
746.352068,27.600000
746.423814,27.509091
746.495532,27.418182
746.567223,27.236364
746.638885,27.909091
746.710519,27.781818
746.782126,27.763636
746.853704,27.127273
746.925254,27.054545
746.996777,27.236364
747.068271,26.909091
747.139737,27.145455
747.211176,26.945455
747.282586,26.727273
747.353968,26.636364
747.425323,26.072727
747.496649,26.327273
747.567947,26.800000
747.639218,26.800000
747.710460,26.709091
747.781675,26.618182
747.852861,26.418182
747.924019,26.327273
747.995149,26.581818
748.066252,26.454545
748.137326,26.672727
748.208372,26.581818
748.279391,25.945455
748.350381,25.327273
748.421343,25.200000
748.492277,25.090909
748.563183,24.909091
748.634062,25.036364
748.704912,24.781818
748.775734,24.654545
748.846528,24.909091
748.917294,24.818182
748.988032,24.472727
749.058742,24.436364
749.129424,24.490909
749.200078,24.909091
749.270704,25.145455
749.341302,25.272727
749.411872,25.345455
749.482413,25.309091
749.552927,25.654545
749.623413,25.690909
749.693871,25.400000
749.764300,25.727273
749.834702,25.800000
749.905075,26.109091
