#01_run03_outside_RT_1503.txt
#Wed, Mar 15, 2023, 10:58 AM
#WL (nm), Int (cts)
674.996352,29.067593
675.091533,28.808333
675.186688,29.067593
675.281816,29.178704
675.376916,29.067593
675.471990,29.326852
675.567037,29.215741
675.662057,28.771296
675.757051,28.437963
675.852017,28.326852
675.946956,28.845370
676.041869,28.660185
676.136754,28.475000
676.231613,28.512037
676.326444,28.178704
676.421249,28.623148
676.516027,28.734259
676.610778,28.993519
676.705502,28.882407
676.800199,28.697222
676.894869,28.623148
676.989513,28.326852
677.084129,27.993519
677.178718,27.808333
677.273281,27.363889
677.367816,26.919444
677.462325,26.734259
677.556807,26.475000
677.651261,26.141667
677.745689,25.697222
677.840090,25.808333
677.934464,25.993519
678.028811,25.845370
678.123131,25.734259
678.217424,26.067593
678.311690,26.289815
678.405930,26.437963
678.500142,27.067593
678.594327,27.363889
678.688486,27.326852
678.782617,27.030556
678.876722,27.178704
678.970799,27.363889
679.064850,27.512037
679.158873,27.363889
679.252870,27.289815
679.346840,26.808333
679.440783,26.549074
679.534698,26.993519
679.628587,27.660185
679.722449,28.104630
679.816284,27.919444
679.910092,27.586111
680.003873,27.623148
680.097627,27.882407
680.191354,27.734259
680.285054,27.993519
680.378727,27.882407
680.472373,27.326852
680.565993,27.030556
680.659585,27.289815
680.753150,27.660185
680.846688,27.549074
680.940199,27.623148
681.033684,27.771296
681.127141,28.067593
681.220571,27.919444
681.313975,28.252778
681.407351,28.178704
681.500700,28.512037
681.594023,28.252778
681.687318,28.882407
681.780587,28.697222
681.873828,28.734259
681.967042,28.475000
682.060230,28.326852
682.153390,28.104630
682.246524,27.919444
682.339630,27.437963
682.432710,27.215741
682.525762,26.549074
682.618788,26.363889
682.711786,26.215741
682.804757,26.512037
682.897702,26.400926
682.990619,26.400926
683.083510,26.475000
683.176373,26.215741
683.269210,26.030556
683.362019,25.808333
683.454801,26.104630
683.547557,25.771296
683.640285,25.437963
683.732986,25.549074
683.825661,25.475000
683.918308,25.252778
684.010928,25.660185
684.103522,25.771296
684.196088,25.919444
684.288627,25.771296
684.381139,26.215741
684.473624,26.141667
684.566082,26.215741
684.658514,25.845370
684.750918,25.993519
684.843295,25.697222
684.935645,26.141667
685.027968,26.289815
685.120264,26.141667
685.212533,26.030556
685.304774,25.734259
685.396989,25.586111
685.489177,25.734259
685.581338,25.808333
685.673471,25.734259
685.765578,25.475000
685.857658,25.252778
685.949710,25.400926
686.041736,25.734259
686.133734,26.141667
686.225706,26.882407
686.317650,27.289815
686.409567,27.993519
686.501458,28.512037
686.593321,29.326852
686.685157,30.104630
686.776966,31.067593
686.868748,31.660185
686.960503,32.771296
687.052231,32.771296
687.143932,33.660185
687.235606,34.326852
687.327252,35.067593
687.418872,35.586111
687.510465,35.919444
687.602030,36.067593
687.693569,36.104630
687.785080,35.882407
687.876564,35.882407
687.968021,35.586111
688.059452,34.512037
688.150855,33.882407
688.242231,32.734259
688.333580,32.178704
688.424901,31.104630
688.516196,30.326852
688.607464,29.437963
688.698704,29.067593
688.789918,28.660185
688.881104,28.141667
688.972264,27.993519
689.063396,28.141667
689.154501,27.771296
689.245579,28.215741
689.336630,28.030556
689.427654,28.512037
689.518651,28.808333
689.609620,29.178704
689.700563,30.030556
689.791478,30.141667
689.882367,30.586111
689.973228,31.289815
690.064062,31.845370
690.154869,32.956481
690.245649,33.215741
690.336402,34.437963
690.427128,35.252778
690.517826,36.734259
690.608498,38.289815
690.699142,39.178704
690.789759,40.289815
690.880350,41.400926
690.970913,42.549074
691.061449,43.771296
691.151957,44.956481
691.242439,46.734259
691.332894,48.549074
691.423321,51.067593
691.513721,54.697222
691.604095,59.141667
691.694441,65.104630
691.784760,73.326852
691.875051,85.475000
691.965316,101.956481
692.055554,124.178704
692.145764,153.660185
692.235947,189.475000
692.326104,230.623148
692.416233,272.030556
692.506334,310.475000
692.596409,341.919444
692.686457,364.141667
692.776477,375.845370
692.866471,377.771296
692.956437,370.104630
693.046376,355.512037
693.136288,335.882407
693.226172,317.956481
693.316030,306.400926
693.405860,306.697222
693.495664,320.549074
693.585440,349.512037
693.675189,391.623148
693.764911,440.215741
693.854605,488.623148
693.944273,531.623148
694.033913,565.289815
694.123526,584.734259
694.213112,586.771296
694.302671,572.734259
694.392203,541.771296
694.481707,495.141667
694.571185,439.845370
694.660635,381.734259
694.750058,325.475000
694.839454,273.771296
694.928822,229.697222
695.018164,195.030556
695.107478,166.882407
695.196765,144.993519
695.286025,128.437963
695.375258,115.067593
695.464464,104.363889
695.553642,95.808333
695.642793,88.697222
695.731918,82.882407
695.821014,77.400926
695.910084,73.067593
695.999127,68.993519
696.088142,65.771296
696.177130,63.326852
696.266091,60.845370
696.355025,58.178704
696.443931,56.178704
696.532811,54.141667
696.621663,52.030556
696.710488,50.845370
696.799286,49.512037
696.888056,48.178704
696.976799,46.845370
697.065516,45.956481
697.154205,45.475000
697.242866,44.734259
697.331501,44.141667
697.420108,43.660185
697.508688,42.586111
697.597241,42.178704
697.685767,41.734259
697.774265,40.993519
697.862737,40.549074
697.951181,40.067593
698.039598,39.215741
698.127987,38.549074
698.216350,38.697222
698.304685,38.363889
698.392993,38.252778
698.481274,37.771296
698.569527,37.475000
698.657753,37.030556
698.745953,36.586111
698.834124,36.549074
698.922269,36.512037
699.010386,36.363889
699.098477,36.326852
699.186539,36.326852
699.274575,36.734259
699.362584,37.252778
699.450565,37.215741
699.538519,37.623148
699.626445,37.623148
699.714345,37.512037
699.802217,36.919444
699.890062,36.623148
699.977880,36.400926
700.065671,35.623148
700.153434,35.067593
700.241170,34.623148
700.328879,34.363889
700.416560,33.956481
700.504214,33.363889
700.591841,33.030556
700.679441,32.512037
700.767014,32.512037
700.854559,33.326852
700.942077,33.660185
701.029568,34.549074
701.117031,35.549074
701.204467,36.697222
701.291876,37.956481
701.379258,38.956481
701.466612,39.586111
701.553939,39.512037
701.641239,39.363889
701.728512,39.289815
701.815757,38.956481
701.902975,37.993519
701.990166,36.623148
702.077330,35.289815
702.164466,34.141667
702.251575,33.660185
702.338657,33.067593
702.425711,32.475000
702.512738,32.067593
702.599738,31.178704
702.686710,30.771296
702.773656,31.363889
702.860574,31.437963
702.947464,31.660185
703.034328,31.512037
703.121164,31.475000
703.207973,31.808333
703.294754,32.030556
703.381509,32.808333
703.468235,32.993519
703.554935,33.030556
703.641607,33.549074
703.728253,34.215741
703.814870,34.993519
703.901461,35.697222
703.988024,36.215741
704.074560,36.993519
704.161068,37.808333
704.247549,38.623148
704.334003,39.400926
704.420430,40.400926
704.506829,41.326852
704.593201,42.400926
704.679546,43.400926
704.765863,43.993519
704.852153,44.252778
704.938416,44.993519
705.024652,46.030556
705.110860,46.586111
705.197040,46.771296
705.283194,47.252778
705.369320,48.215741
705.455419,49.141667
705.541490,49.623148
705.627534,50.956481
705.713551,51.326852
705.799541,52.141667
705.885503,52.845370
705.971438,54.141667
706.057345,55.363889
706.143225,56.475000
706.229078,57.660185
706.314904,59.326852
706.400702,60.697222
706.486473,62.475000
706.572216,64.104630
706.657932,66.030556
706.743621,68.030556
706.829282,69.178704
706.914917,70.252778
707.000523,70.734259
707.086103,70.697222
707.171655,70.289815
707.257179,69.512037
707.342677,67.586111
707.428147,65.549074
707.513589,63.586111
707.599005,61.400926
707.684393,59.252778
707.769753,57.400926
707.855086,55.845370
707.940392,54.215741
708.025671,52.845370
708.110922,52.475000
708.196146,53.178704
708.281342,53.623148
708.366511,56.215741
708.451653,58.697222
708.536767,61.734259
708.621854,66.030556
708.706913,69.956481
708.791946,74.104630
708.876950,77.289815
708.961928,78.623148
709.046878,78.956481
709.131800,77.067593
709.216696,74.252778
709.301564,70.623148
709.386404,65.771296
709.471217,60.660185
709.556003,55.400926
709.640761,50.549074
709.725492,46.512037
709.810196,43.215741
709.894872,40.512037
709.979521,38.289815
710.064142,36.919444
710.148736,35.549074
710.233303,34.771296
710.317842,34.141667
710.402354,33.956481
710.486838,33.512037
710.571295,33.326852
710.655725,33.326852
710.740127,34.067593
710.824502,34.437963
710.908849,34.882407
710.993169,36.067593
711.077462,36.882407
711.161727,38.363889
711.245965,39.956481
711.330175,42.289815
711.414358,44.956481
711.498514,47.363889
711.582642,50.141667
711.666743,53.326852
711.750816,57.067593
711.834862,60.771296
711.918880,63.030556
712.002871,65.326852
712.086835,67.549074
712.170771,69.252778
712.254680,70.549074
712.338561,71.030556
712.422415,71.252778
712.506241,69.512037
712.590040,67.956481
712.673812,66.437963
712.757556,64.919444
712.841273,62.030556
712.924962,59.104630
713.008624,56.215741
713.092258,53.771296
713.175865,51.326852
713.259445,49.030556
713.342997,47.178704
713.426522,45.734259
713.510019,44.882407
713.593489,43.919444
713.676931,43.215741
713.760346,42.437963
713.843733,41.993519
713.927093,41.512037
714.010426,41.363889
714.093731,41.104630
714.177008,40.660185
714.260258,40.104630
714.343481,40.252778
714.426676,40.067593
714.509844,39.808333
714.592984,39.437963
714.676097,39.104630
714.759183,39.215741
714.842240,38.734259
714.925271,38.697222
715.008274,38.326852
715.091249,37.771296
715.174197,37.178704
715.257118,37.067593
715.340011,36.993519
715.422877,36.586111
715.505715,36.512037
715.588525,36.141667
715.671309,35.993519
715.754064,35.586111
715.836793,34.956481
715.919493,35.030556
716.002167,34.660185
716.084812,34.215741
716.167431,34.030556
716.250021,33.475000
716.332585,33.326852
716.415121,32.697222
716.497629,32.882407
716.580110,32.845370
716.662563,32.771296
716.744989,32.623148
716.827387,32.549074
716.909758,32.475000
716.992102,32.326852
717.074417,32.549074
717.156706,32.475000
717.238967,31.808333
717.321200,31.475000
717.403406,31.326852
717.485584,31.030556
717.567735,30.252778
717.649858,29.771296
717.731954,29.252778
717.814023,28.437963
717.896063,28.215741
717.978077,28.289815
718.060062,28.400926
718.142021,28.104630
718.223951,28.252778
718.305855,28.808333
718.387730,29.178704
718.469579,29.141667
718.551399,29.215741
718.633192,29.660185
718.714958,29.808333
718.796696,29.734259
718.878407,29.697222
718.960090,29.475000
719.041745,28.956481
719.123373,28.437963
719.204974,28.437963
719.286546,28.104630
719.368092,27.623148
719.449610,27.252778
719.531100,27.326852
719.612563,27.104630
719.693998,27.252778
719.775406,27.400926
719.856786,27.252778
719.938138,27.623148
720.019463,27.956481
720.100761,28.141667
720.182031,28.030556
720.263273,27.734259
720.344488,27.586111
720.425675,27.289815
720.506835,27.289815
720.587967,27.623148
720.669072,27.215741
720.750149,26.697222
720.831199,26.623148
720.912220,26.326852
720.993215,26.141667
721.074182,26.030556
721.155121,25.808333
721.236033,25.215741
721.316917,24.845370
721.397773,24.623148
721.478602,24.771296
721.559404,24.141667
721.640178,24.067593
721.720924,23.919444
721.801643,23.734259
721.882334,23.660185
721.962998,24.030556
722.043634,24.067593
722.124242,23.660185
722.204823,23.512037
722.285376,23.400926
722.365902,23.215741
722.446400,22.623148
722.526870,22.512037
722.607313,22.586111
722.687729,22.363889
722.768116,21.845370
722.848477,21.808333
722.928809,21.845370
723.009114,21.771296
723.089391,21.993519
723.169641,22.697222
723.249863,22.660185
723.330058,22.104630
723.410225,22.030556
723.490364,22.400926
723.570476,22.215741
723.650560,21.919444
723.730617,22.030556
723.810646,21.808333
723.890647,21.326852
723.970621,21.104630
724.050567,21.475000
724.130486,21.512037
724.210377,21.141667
724.290240,20.919444
724.370076,21.030556
724.449884,21.067593
724.529665,21.067593
724.609417,21.475000
724.689143,21.363889
724.768840,21.252778
724.848510,21.104630
724.928153,21.400926
725.007767,21.845370
725.087355,21.586111
725.166914,21.586111
725.246446,21.363889
725.325950,21.141667
725.405427,21.363889
725.484876,21.437963
725.564297,21.623148
725.643691,21.623148
725.723057,21.437963
725.802396,21.808333
725.881706,21.549074
725.960990,21.919444
726.040245,21.919444
726.119473,21.808333
726.198673,21.660185
726.277846,21.660185
726.356991,21.734259
726.436108,22.178704
726.515198,22.289815
726.594260,22.215741
726.673294,21.956481
726.752301,22.067593
726.831280,22.252778
726.910231,22.326852
726.989155,22.104630
727.068051,21.882407
727.146920,21.586111
727.225761,21.104630
727.304574,21.326852
727.383359,21.104630
727.462117,20.771296
727.540847,20.475000
727.619550,20.252778
727.698224,20.067593
727.776871,19.326852
727.855491,19.178704
727.934083,19.178704
728.012647,18.845370
728.091183,18.808333
728.169692,18.586111
728.248173,18.882407
728.326627,18.326852
728.405052,18.252778
728.483450,18.660185
728.561821,18.623148
728.640163,18.289815
728.718479,18.512037
728.796766,18.586111
728.875025,18.586111
728.953257,18.067593
729.031462,18.475000
729.109638,18.549074
729.187787,18.734259
729.265908,19.141667
729.344002,19.956481
729.422068,20.030556
729.500106,19.956481
729.578116,20.252778
729.656099,20.437963
729.734054,20.437963
729.811981,20.141667
729.889881,19.993519
729.967753,19.549074
730.045597,18.882407
730.123414,18.475000
730.201202,18.252778
730.278963,17.697222
730.356697,17.512037
730.434402,17.512037
730.512080,17.252778
730.589731,17.141667
730.667353,16.660185
730.744948,16.586111
730.822515,16.771296
730.900054,16.993519
730.977566,17.104630
731.055050,17.178704
731.132506,17.512037
731.209935,18.104630
731.287335,18.363889
731.364708,18.512037
731.442054,18.660185
731.519371,18.215741
731.596661,18.067593
731.673923,18.326852
731.751158,18.178704
731.828364,17.660185
731.905543,17.215741
731.982694,16.919444
732.059818,16.882407
732.136913,17.178704
732.213981,17.215741
732.291022,17.252778
732.368034,17.141667
732.445019,17.104630
732.521976,17.141667
732.598905,17.400926
732.675806,17.475000
732.752680,17.660185
732.829526,17.178704
732.906344,17.289815
732.983135,17.363889
733.059898,17.363889
733.136633,17.252778
733.213340,17.178704
733.290019,16.956481
733.366671,16.549074
733.443295,16.437963
733.519891,16.512037
733.596459,16.549074
733.673000,16.437963
733.749513,16.252778
733.825998,16.363889
733.902455,16.104630
733.978885,16.475000
734.055287,16.549074
734.131661,16.475000
734.208007,16.252778
734.284326,16.030556
734.360616,15.586111
734.436879,15.660185
734.513114,15.289815
734.589322,15.363889
734.665501,14.919444
734.741653,14.845370
734.817777,14.363889
734.893873,14.549074
734.969942,14.697222
735.045982,15.326852
735.121995,15.326852
735.197980,15.215741
735.273938,15.400926
735.349867,15.512037
735.425769,16.030556
735.501643,16.512037
735.577489,16.400926
735.653307,16.475000
735.729098,16.141667
735.804860,15.956481
735.880595,16.512037
735.956302,16.437963
736.031982,16.400926
736.107633,16.104630
736.183257,16.141667
736.258853,16.067593
736.334421,16.067593
736.409961,15.882407
736.485474,15.400926
736.560958,15.215741
736.636415,14.808333
736.711844,14.549074
736.787245,14.326852
736.862619,14.326852
736.937964,14.030556
737.013282,13.697222
737.088572,13.919444
737.163834,14.067593
737.239068,14.400926
737.314275,14.623148
737.389453,14.808333
737.464604,14.956481
737.539727,15.141667
737.614822,15.549074
737.689890,15.586111
737.764929,15.586111
737.839941,16.141667
737.914925,16.030556
737.989881,16.252778
738.064809,15.956481
738.139709,15.882407
738.214581,15.512037
738.289426,15.363889
738.364243,15.623148
738.439032,15.549074
738.513793,15.437963
738.588526,15.104630
738.663231,14.845370
738.737909,15.104630
738.812559,14.734259
738.887180,14.623148
738.961774,14.734259
739.036340,14.697222
739.110879,14.215741
739.185389,14.252778
739.259872,14.215741
739.334326,14.326852
739.408753,14.141667
739.483152,14.549074
739.557523,14.437963
739.631866,14.289815
739.706182,14.141667
739.780469,14.845370
739.854729,14.734259
739.928961,14.808333
740.003165,14.623148
740.077341,14.882407
740.151489,14.771296
740.225609,15.289815
740.299701,15.437963
740.373766,15.512037
740.447802,15.215741
740.521811,15.067593
740.595792,15.030556
740.669745,15.030556
740.743670,15.141667
740.817567,15.215741
740.891437,15.067593
740.965278,14.956481
741.039092,14.845370
741.112877,14.660185
741.186635,14.623148
741.260365,14.437963
741.334067,14.697222
741.407741,14.215741
741.481387,14.326852
741.555006,14.437963
741.628596,14.363889
741.702159,14.512037
741.775693,14.808333
741.849200,15.030556
741.922679,15.067593
741.996130,14.808333
742.069552,15.289815
742.142948,15.104630
742.216315,15.141667
742.289654,15.400926
742.362965,15.400926
742.436249,15.623148
742.509504,15.623148
742.582732,16.067593
742.655932,16.400926
742.729103,15.919444
742.802247,16.252778
742.875363,16.178704
742.948451,16.215741
743.021511,15.956481
743.094543,15.882407
743.167548,15.882407
743.240524,15.549074
743.313472,15.437963
743.386393,15.549074
743.459285,15.215741
743.532150,15.030556
743.604986,14.882407
743.677795,14.845370
743.750576,14.586111
743.823329,14.363889
743.896054,14.512037
743.968751,14.252778
744.041420,14.475000
744.114061,14.586111
744.186674,14.549074
744.259259,14.363889
744.331816,14.252778
744.404346,14.363889
744.476847,13.993519
744.549320,13.512037
744.621766,13.586111
744.694183,13.400926
744.766573,13.067593
744.838934,12.734259
744.911268,12.993519
744.983574,13.215741
745.055851,13.178704
745.128101,13.660185
745.200323,13.993519
745.272517,14.252778
745.344683,14.178704
745.416820,14.400926
745.488930,14.808333
745.561012,14.882407
745.633066,14.956481
745.705092,15.104630
745.777090,14.734259
745.849061,14.734259
745.921003,14.660185
745.992917,14.771296
746.064803,14.919444
746.136661,15.067593
746.208491,14.845370
746.280294,14.623148
746.352068,14.512037
746.423814,14.956481
746.495532,14.697222
746.567223,14.400926
746.638885,14.104630
746.710519,13.771296
746.782126,13.549074
746.853704,13.586111
746.925254,13.400926
746.996777,12.993519
747.068271,12.697222
747.139737,12.993519
747.211176,13.030556
747.282586,13.141667
747.353968,12.919444
747.425323,12.475000
747.496649,12.586111
747.567947,12.993519
747.639218,13.363889
747.710460,13.437963
747.781675,13.252778
747.852861,13.437963
747.924019,13.882407
747.995149,14.512037
748.066252,14.808333
748.137326,14.586111
748.208372,14.512037
748.279391,14.289815
748.350381,14.067593
748.421343,14.289815
748.492277,14.104630
748.563183,13.586111
748.634062,13.363889
748.704912,13.512037
748.775734,13.475000
748.846528,13.326852
748.917294,13.437963
748.988032,13.623148
749.058742,13.289815
749.129424,13.289815
749.200078,13.549074
749.270704,13.437963
749.341302,13.512037
749.411872,13.660185
749.482413,13.734259
749.552927,13.734259
749.623413,13.956481
749.693871,14.400926
749.764300,14.289815
749.834702,14.252778
749.905075,14.771296
