#01_run03_outside_RT_.txt
#Tue, Mar 14, 2023, 7:17 PM
#WL (nm), Int (cts)
674.996352,17.172121
675.091533,16.917576
675.186688,16.990303
675.281816,16.990303
675.376916,16.935758
675.471990,16.935758
675.567037,16.826667
675.662057,17.063030
675.757051,16.935758
675.852017,16.917576
675.946956,17.026667
676.041869,16.626667
676.136754,16.753939
676.231613,16.681212
676.326444,16.517576
676.421249,16.535758
676.516027,16.463030
676.610778,16.844848
676.705502,16.481212
676.800199,16.535758
676.894869,16.463030
676.989513,16.426667
677.084129,16.299394
677.178718,16.372121
677.273281,16.426667
677.367816,16.553939
677.462325,16.335758
677.556807,16.390303
677.651261,16.172121
677.745689,16.226667
677.840090,16.153939
677.934464,16.172121
678.028811,15.881212
678.123131,16.117576
678.217424,16.081212
678.311690,16.044848
678.405930,15.863030
678.500142,15.881212
678.594327,15.644848
678.688486,15.408485
678.782617,15.499394
678.876722,15.426667
678.970799,15.335758
679.064850,15.444848
679.158873,15.463030
679.252870,15.699394
679.346840,15.608485
679.440783,15.699394
679.534698,15.935758
679.628587,16.244848
679.722449,16.426667
679.816284,16.335758
679.910092,16.372121
680.003873,16.499394
680.097627,16.535758
680.191354,16.317576
680.285054,15.972121
680.378727,15.917576
680.472373,15.881212
680.565993,15.626667
680.659585,15.517576
680.753150,15.463030
680.846688,15.408485
680.940199,15.263030
681.033684,14.953939
681.127141,14.844848
681.220571,14.699394
681.313975,14.753939
681.407351,14.735758
681.500700,14.699394
681.594023,14.917576
681.687318,15.026667
681.780587,14.881212
681.873828,14.863030
681.967042,14.826667
682.060230,15.026667
682.153390,15.117576
682.246524,15.190303
682.339630,14.972121
682.432710,14.953939
682.525762,14.844848
682.618788,14.463030
682.711786,14.317576
682.804757,14.281212
682.897702,13.917576
682.990619,14.008485
683.083510,14.063030
683.176373,13.935758
683.269210,14.008485
683.362019,14.044848
683.454801,13.917576
683.547557,13.826667
683.640285,13.917576
683.732986,13.844848
683.825661,13.717576
683.918308,14.063030
684.010928,14.081212
684.103522,13.972121
684.196088,14.172121
684.288627,14.099394
684.381139,14.208485
684.473624,14.208485
684.566082,14.208485
684.658514,14.135758
684.750918,14.026667
684.843295,14.281212
684.935645,14.117576
685.027968,14.099394
685.120264,14.063030
685.212533,14.026667
685.304774,13.972121
685.396989,13.844848
685.489177,13.990303
685.581338,14.208485
685.673471,14.372121
685.765578,14.535758
685.857658,14.444848
685.949710,14.663030
686.041736,14.553939
686.133734,14.590303
686.225706,14.572121
686.317650,14.917576
686.409567,15.299394
686.501458,15.644848
686.593321,15.808485
686.685157,16.063030
686.776966,16.190303
686.868748,16.517576
686.960503,16.790303
687.052231,17.153939
687.143932,17.408485
687.235606,17.899394
687.327252,17.863030
687.418872,17.735758
687.510465,17.663030
687.602030,17.444848
687.693569,17.335758
687.785080,17.517576
687.876564,17.353939
687.968021,17.208485
688.059452,17.099394
688.150855,16.808485
688.242231,16.281212
688.333580,16.135758
688.424901,16.008485
688.516196,15.644848
688.607464,15.590303
688.698704,15.063030
688.789918,14.735758
688.881104,14.626667
688.972264,14.099394
689.063396,13.753939
689.154501,13.808485
689.245579,13.663030
689.336630,13.317576
689.427654,13.226667
689.518651,13.135758
689.609620,12.972121
689.700563,13.226667
689.791478,13.044848
689.882367,12.881212
689.973228,13.044848
690.064062,13.190303
690.154869,13.026667
690.245649,13.226667
690.336402,13.626667
690.427128,13.608485
690.517826,13.735758
690.608498,14.190303
690.699142,14.153939
690.789759,14.317576
690.880350,14.408485
690.970913,14.499394
691.061449,14.535758
691.151957,14.717576
691.242439,14.753939
691.332894,14.881212
691.423321,15.244848
691.513721,15.663030
691.604095,15.735758
691.694441,16.463030
691.784760,17.335758
691.875051,18.717576
691.965316,20.608485
692.055554,23.226667
692.145764,26.335758
692.235947,29.844848
692.326104,33.517576
692.416233,36.917576
692.506334,39.863030
692.596409,42.263030
692.686457,43.844848
692.776477,45.263030
692.866471,46.044848
692.956437,46.281212
693.046376,45.935758
693.136288,45.226667
693.226172,44.408485
693.316030,43.826667
693.405860,44.208485
693.495664,45.590303
693.585440,48.263030
693.675189,51.917576
693.764911,55.899394
693.854605,59.935758
693.944273,63.008485
694.033913,65.153939
694.123526,66.063030
694.213112,65.790303
694.302671,64.699394
694.392203,62.208485
694.481707,58.826667
694.571185,54.408485
694.660635,49.390303
694.750058,43.844848
694.839454,38.153939
694.928822,33.535758
695.018164,29.499394
695.107478,26.299394
695.196765,23.863030
695.286025,21.772121
695.375258,20.317576
695.464464,19.044848
695.553642,18.044848
695.642793,17.190303
695.731918,16.353939
695.821014,15.735758
695.910084,15.244848
695.999127,14.626667
696.088142,14.317576
696.177130,14.026667
696.266091,13.644848
696.355025,13.281212
696.443931,12.990303
696.532811,12.717576
696.621663,12.390303
696.710488,12.426667
696.799286,12.499394
696.888056,12.317576
696.976799,12.244848
697.065516,11.935758
697.154205,11.681212
697.242866,11.790303
697.331501,11.881212
697.420108,11.753939
697.508688,11.644848
697.597241,11.753939
697.685767,11.535758
697.774265,11.335758
697.862737,11.172121
697.951181,11.099394
698.039598,11.390303
698.127987,11.463030
698.216350,11.263030
698.304685,11.063030
698.392993,11.026667
698.481274,11.063030
698.569527,10.772121
698.657753,10.953939
698.745953,10.753939
698.834124,10.608485
698.922269,10.644848
699.010386,10.426667
699.098477,10.590303
699.186539,10.790303
699.274575,10.863030
699.362584,11.081212
699.450565,11.208485
699.538519,11.426667
699.626445,11.226667
699.714345,11.390303
699.802217,11.644848
699.890062,11.608485
699.977880,11.644848
700.065671,11.444848
700.153434,11.244848
700.241170,11.190303
700.328879,11.281212
700.416560,10.953939
700.504214,10.826667
700.591841,10.899394
700.679441,10.917576
700.767014,10.772121
700.854559,10.772121
700.942077,10.717576
701.029568,10.826667
701.117031,10.899394
701.204467,10.899394
701.291876,10.753939
701.379258,10.917576
701.466612,10.826667
701.553939,10.899394
701.641239,10.881212
701.728512,10.863030
701.815757,10.935758
701.902975,10.772121
701.990166,10.408485
702.077330,10.299394
702.164466,10.281212
702.251575,10.153939
702.338657,10.244848
702.425711,10.390303
702.512738,10.208485
702.599738,10.026667
702.686710,9.935758
702.773656,9.990303
702.860574,10.153939
702.947464,10.444848
703.034328,10.481212
703.121164,10.590303
703.207973,10.572121
703.294754,10.499394
703.381509,10.444848
703.468235,10.517576
703.554935,10.826667
703.641607,11.135758
703.728253,11.135758
703.814870,11.390303
703.901461,11.590303
703.988024,11.699394
704.074560,11.663030
704.161068,11.717576
704.247549,12.008485
704.334003,12.172121
704.420430,12.172121
704.506829,12.172121
704.593201,12.117576
704.679546,12.299394
704.765863,12.317576
704.852153,12.408485
704.938416,12.553939
705.024652,12.699394
705.110860,13.081212
705.197040,13.244848
705.283194,13.553939
705.369320,13.972121
705.455419,14.281212
705.541490,14.717576
705.627534,15.081212
705.713551,15.717576
705.799541,16.335758
705.885503,17.063030
705.971438,17.899394
706.057345,18.608485
706.143225,19.153939
706.229078,20.026667
706.314904,21.008485
706.400702,22.099394
706.486473,23.135758
706.572216,24.081212
706.657932,24.790303
706.743621,25.390303
706.829282,25.608485
706.914917,25.608485
707.000523,25.626667
707.086103,25.608485
707.171655,25.353939
707.257179,24.790303
707.342677,24.026667
707.428147,23.190303
707.513589,22.390303
707.599005,21.281212
707.684393,20.335758
707.769753,19.608485
707.855086,19.335758
707.940392,18.899394
708.025671,18.753939
708.110922,18.553939
708.196146,18.844848
708.281342,19.681212
708.366511,20.790303
708.451653,21.899394
708.536767,23.535758
708.621854,25.226667
708.706913,26.772121
708.791946,27.772121
708.876950,28.590303
708.961928,29.299394
709.046878,29.444848
709.131800,28.990303
709.216696,27.808485
709.301564,26.244848
709.386404,24.481212
709.471217,22.426667
709.556003,20.335758
709.640761,18.244848
709.725492,16.608485
709.810196,14.844848
709.894872,13.244848
709.979521,12.244848
710.064142,11.626667
710.148736,11.226667
710.233303,11.244848
710.317842,11.226667
710.402354,11.390303
710.486838,11.499394
710.571295,11.553939
710.655725,11.644848
710.740127,11.717576
710.824502,11.972121
710.908849,12.117576
710.993169,12.353939
711.077462,12.844848
711.161727,13.063030
711.245965,13.590303
711.330175,14.317576
711.414358,15.208485
711.498514,16.499394
711.582642,17.553939
711.666743,19.208485
711.750816,20.572121
711.834862,22.099394
711.918880,23.281212
712.002871,24.226667
712.086835,25.044848
712.170771,25.899394
712.254680,26.044848
712.338561,25.844848
712.422415,25.572121
712.506241,25.226667
712.590040,24.263030
712.673812,23.153939
712.757556,21.772121
712.841273,20.390303
712.924962,19.135758
713.008624,17.663030
713.092258,16.208485
713.175865,15.244848
713.259445,14.281212
713.342997,13.135758
713.426522,12.099394
713.510019,11.481212
713.593489,10.917576
713.676931,10.753939
713.760346,10.735758
713.843733,10.426667
713.927093,10.463030
714.010426,10.063030
714.093731,9.699394
714.177008,9.408485
714.260258,9.335758
714.343481,9.081212
714.426676,9.099394
714.509844,8.753939
714.592984,8.481212
714.676097,8.172121
714.759183,8.081212
714.842240,8.026667
714.925271,8.099394
715.008274,8.281212
715.091249,8.681212
715.174197,8.790303
715.257118,8.953939
715.340011,8.790303
715.422877,8.953939
715.505715,8.772121
715.588525,8.717576
715.671309,8.481212
715.754064,8.372121
715.836793,8.426667
715.919493,8.353939
716.002167,7.917576
716.084812,7.753939
716.167431,7.681212
716.250021,7.499394
716.332585,7.463030
716.415121,7.572121
716.497629,7.390303
716.580110,7.481212
716.662563,7.299394
716.744989,7.208485
716.827387,6.808485
716.909758,6.753939
716.992102,6.681212
717.074417,6.535758
717.156706,6.644848
717.238967,6.699394
717.321200,6.499394
717.403406,6.608485
717.485584,6.553939
717.567735,6.681212
717.649858,6.753939
717.731954,7.081212
717.814023,7.190303
717.896063,7.408485
717.978077,7.426667
718.060062,7.299394
718.142021,7.353939
718.223951,7.372121
718.305855,7.444848
718.387730,7.317576
718.469579,7.335758
718.551399,7.190303
718.633192,7.081212
718.714958,6.972121
718.796696,6.608485
718.878407,6.863030
718.960090,6.881212
719.041745,6.881212
719.123373,6.935758
719.204974,6.772121
719.286546,6.881212
719.368092,6.663030
719.449610,6.753939
719.531100,6.790303
719.612563,6.808485
719.693998,6.826667
719.775406,6.553939
719.856786,6.772121
719.938138,6.499394
720.019463,6.553939
720.100761,6.699394
720.182031,6.808485
720.263273,6.953939
720.344488,6.972121
720.425675,6.790303
720.506835,6.808485
720.587967,6.844848
720.669072,6.972121
720.750149,6.953939
720.831199,7.172121
720.912220,7.226667
720.993215,7.044848
721.074182,6.953939
721.155121,6.899394
721.236033,6.626667
721.316917,6.717576
721.397773,6.608485
721.478602,6.626667
721.559404,6.299394
721.640178,6.208485
721.720924,5.935758
721.801643,5.681212
721.882334,5.626667
721.962998,5.481212
722.043634,5.335758
722.124242,5.353939
722.204823,5.135758
722.285376,5.153939
722.365902,5.044848
722.446400,5.172121
722.526870,5.190303
722.607313,5.153939
722.687729,5.044848
722.768116,5.008485
722.848477,4.953939
722.928809,5.063030
723.009114,4.972121
723.089391,4.972121
723.169641,4.917576
723.249863,5.044848
723.330058,4.990303
723.410225,4.735758
723.490364,4.881212
723.570476,4.863030
723.650560,4.863030
723.730617,4.881212
723.810646,4.881212
723.890647,5.063030
723.970621,5.135758
724.050567,5.099394
724.130486,4.917576
724.210377,5.026667
724.290240,5.190303
724.370076,5.026667
724.449884,5.044848
724.529665,5.172121
724.609417,5.263030
724.689143,5.226667
724.768840,5.044848
724.848510,5.299394
724.928153,5.317576
725.007767,5.408485
725.087355,5.317576
725.166914,5.244848
725.246446,5.317576
725.325950,5.317576
725.405427,5.335758
725.484876,5.317576
725.564297,5.226667
725.643691,5.317576
725.723057,4.935758
725.802396,5.008485
725.881706,5.281212
725.960990,5.299394
726.040245,5.208485
726.119473,5.099394
726.198673,5.099394
726.277846,4.863030
726.356991,5.026667
726.436108,5.117576
726.515198,5.081212
726.594260,5.263030
726.673294,5.099394
726.752301,4.772121
726.831280,4.881212
726.910231,5.026667
726.989155,5.263030
727.068051,5.335758
727.146920,5.335758
727.225761,4.953939
727.304574,4.863030
727.383359,4.863030
727.462117,4.844848
727.540847,4.863030
727.619550,4.972121
727.698224,4.772121
727.776871,4.553939
727.855491,4.463030
727.934083,4.408485
728.012647,4.626667
728.091183,4.844848
728.169692,4.826667
728.248173,4.899394
728.326627,4.881212
728.405052,4.935758
728.483450,5.008485
728.561821,5.099394
728.640163,5.099394
728.718479,5.081212
728.796766,5.026667
728.875025,4.917576
728.953257,4.772121
729.031462,4.608485
729.109638,4.481212
729.187787,4.444848
729.265908,4.244848
729.344002,4.063030
729.422068,3.972121
729.500106,4.135758
729.578116,3.881212
729.656099,3.990303
729.734054,3.972121
729.811981,3.990303
729.889881,4.099394
729.967753,4.135758
730.045597,4.063030
730.123414,4.499394
730.201202,4.408485
730.278963,4.426667
730.356697,4.263030
730.434402,4.444848
730.512080,4.463030
730.589731,4.390303
730.667353,4.463030
730.744948,4.590303
730.822515,4.535758
730.900054,4.426667
730.977566,4.153939
731.055050,4.244848
731.132506,4.263030
731.209935,4.244848
731.287335,4.172121
731.364708,4.117576
731.442054,4.081212
731.519371,3.990303
731.596661,3.917576
731.673923,3.935758
731.751158,3.990303
731.828364,4.008485
731.905543,3.881212
731.982694,3.608485
732.059818,3.753939
732.136913,3.717576
732.213981,3.717576
732.291022,3.753939
732.368034,3.753939
732.445019,3.735758
732.521976,3.753939
732.598905,3.608485
732.675806,3.590303
732.752680,3.626667
732.829526,3.844848
732.906344,3.790303
732.983135,3.772121
733.059898,3.681212
733.136633,3.681212
733.213340,3.572121
733.290019,3.535758
733.366671,3.444848
733.443295,3.463030
733.519891,3.481212
733.596459,3.481212
733.673000,3.372121
733.749513,3.372121
733.825998,3.335758
733.902455,3.172121
733.978885,3.081212
734.055287,3.172121
734.131661,3.135758
734.208007,3.026667
734.284326,3.244848
734.360616,3.208485
734.436879,3.317576
734.513114,3.372121
734.589322,3.208485
734.665501,3.335758
734.741653,3.517576
734.817777,3.444848
734.893873,3.517576
734.969942,3.608485
735.045982,3.826667
735.121995,3.681212
735.197980,3.553939
735.273938,3.408485
735.349867,3.481212
735.425769,3.408485
735.501643,3.426667
735.577489,3.226667
735.653307,3.208485
735.729098,3.172121
735.804860,3.081212
735.880595,2.972121
735.956302,3.081212
736.031982,3.117576
736.107633,3.026667
736.183257,3.063030
736.258853,3.190303
736.334421,3.153939
736.409961,3.281212
736.485474,3.372121
736.560958,3.353939
736.636415,3.390303
736.711844,3.335758
736.787245,3.281212
736.862619,3.044848
736.937964,3.208485
737.013282,3.099394
737.088572,2.990303
737.163834,2.881212
737.239068,2.917576
737.314275,2.808485
737.389453,2.717576
737.464604,2.663030
737.539727,2.953939
737.614822,2.790303
737.689890,2.990303
737.764929,3.008485
737.839941,2.917576
737.914925,3.026667
737.989881,3.135758
738.064809,3.226667
738.139709,3.226667
738.214581,3.299394
738.289426,3.117576
738.364243,2.953939
738.439032,3.026667
738.513793,2.990303
738.588526,2.953939
738.663231,2.972121
738.737909,2.826667
738.812559,2.735758
738.887180,2.772121
738.961774,2.881212
739.036340,2.663030
739.110879,2.826667
739.185389,2.826667
739.259872,2.899394
739.334326,2.881212
739.408753,2.790303
739.483152,2.935758
739.557523,2.990303
739.631866,2.953939
739.706182,2.790303
739.780469,2.899394
739.854729,3.026667
739.928961,3.117576
740.003165,3.099394
740.077341,3.044848
740.151489,3.281212
740.225609,3.281212
740.299701,3.226667
740.373766,3.299394
740.447802,3.172121
740.521811,3.190303
740.595792,3.226667
740.669745,3.281212
740.743670,3.226667
740.817567,3.135758
740.891437,3.081212
740.965278,2.808485
741.039092,2.663030
741.112877,2.390303
741.186635,2.426667
741.260365,2.735758
741.334067,2.790303
741.407741,2.590303
741.481387,2.517576
741.555006,2.553939
741.628596,2.644848
741.702159,2.844848
741.775693,3.117576
741.849200,3.263030
741.922679,3.390303
741.996130,3.390303
742.069552,3.226667
742.142948,3.081212
742.216315,3.190303
742.289654,3.190303
742.362965,3.299394
742.436249,3.317576
742.509504,3.153939
742.582732,3.117576
742.655932,3.117576
742.729103,3.299394
742.802247,3.208485
742.875363,3.335758
742.948451,3.390303
743.021511,3.426667
743.094543,3.408485
743.167548,3.317576
743.240524,3.135758
743.313472,3.353939
743.386393,3.026667
743.459285,3.026667
743.532150,2.844848
743.604986,2.844848
743.677795,2.790303
743.750576,2.753939
743.823329,2.699394
743.896054,2.917576
743.968751,2.808485
744.041420,3.008485
744.114061,2.681212
744.186674,2.844848
744.259259,2.790303
744.331816,2.935758
744.404346,2.972121
744.476847,3.099394
744.549320,3.081212
744.621766,3.135758
744.694183,2.917576
744.766573,2.990303
744.838934,2.735758
744.911268,2.772121
744.983574,2.808485
745.055851,2.826667
745.128101,2.681212
745.200323,2.735758
745.272517,2.590303
745.344683,2.463030
745.416820,2.335758
745.488930,2.408485
745.561012,2.299394
745.633066,2.390303
745.705092,2.444848
745.777090,2.426667
745.849061,2.481212
745.921003,2.463030
745.992917,2.263030
746.064803,2.299394
746.136661,2.626667
746.208491,2.590303
746.280294,2.444848
746.352068,2.608485
746.423814,2.608485
746.495532,2.572121
746.567223,2.517576
746.638885,2.608485
746.710519,2.608485
746.782126,2.717576
746.853704,2.735758
746.925254,2.463030
746.996777,2.499394
747.068271,2.808485
747.139737,2.663030
747.211176,2.681212
747.282586,2.681212
747.353968,2.735758
747.425323,2.444848
747.496649,2.590303
747.567947,2.499394
747.639218,2.408485
747.710460,2.481212
747.781675,2.281212
747.852861,2.117576
747.924019,2.008485
747.995149,1.990303
748.066252,1.972121
748.137326,1.881212
748.208372,2.044848
748.279391,1.772121
748.350381,1.735758
748.421343,1.626667
748.492277,1.626667
748.563183,1.772121
748.634062,1.735758
748.704912,1.972121
748.775734,2.081212
748.846528,2.044848
748.917294,2.081212
748.988032,2.026667
749.058742,2.226667
749.129424,2.408485
749.200078,2.372121
749.270704,2.481212
749.341302,2.517576
749.411872,2.463030
749.482413,2.244848
749.552927,2.281212
749.623413,2.463030
749.693871,2.263030
749.764300,2.426667
749.834702,2.172121
749.905075,2.099394
