#01_run03_inside_RT_503.txt
#Wed, Mar 15, 2023, 10:52 AM
#WL (nm), Int (cts)
674.996352,31.090606
675.091533,30.890606
675.186688,30.981515
675.281816,30.781515
675.376916,30.690606
675.471990,30.781515
675.567037,30.672424
675.662057,30.945152
675.757051,30.745152
675.852017,30.836061
675.946956,30.781515
676.041869,30.890606
676.136754,30.981515
676.231613,31.017879
676.326444,31.126970
676.421249,31.363333
676.516027,31.272424
676.610778,31.272424
676.705502,31.199697
676.800199,31.108788
676.894869,31.272424
676.989513,31.199697
677.084129,31.163333
677.178718,31.090606
677.273281,30.981515
677.367816,30.563333
677.462325,30.617879
677.556807,30.708788
677.651261,30.836061
677.745689,30.690606
677.840090,30.690606
677.934464,30.290606
678.028811,30.090606
678.123131,29.999697
678.217424,29.890606
678.311690,29.836061
678.405930,30.217879
678.500142,30.108788
678.594327,29.945152
678.688486,29.872424
678.782617,29.817879
678.876722,30.017879
678.970799,30.272424
679.064850,30.326970
679.158873,30.290606
679.252870,30.472424
679.346840,30.508788
679.440783,30.290606
679.534698,30.363333
679.628587,30.472424
679.722449,30.508788
679.816284,30.654242
679.910092,30.672424
680.003873,30.508788
680.097627,30.745152
680.191354,30.854242
680.285054,30.817879
680.378727,31.163333
680.472373,31.017879
680.565993,30.908788
680.659585,30.908788
680.753150,30.836061
680.846688,30.745152
680.940199,30.599697
681.033684,30.763333
681.127141,30.617879
681.220571,30.763333
681.313975,30.617879
681.407351,30.345152
681.500700,30.308788
681.594023,30.999697
681.687318,30.799697
681.780587,30.417879
681.873828,30.417879
681.967042,30.508788
682.060230,30.436061
682.153390,30.490606
682.246524,30.217879
682.339630,29.999697
682.432710,29.854242
682.525762,29.890606
682.618788,29.054242
682.711786,29.054242
682.804757,29.308788
682.897702,29.399697
682.990619,29.217879
683.083510,29.236061
683.176373,29.036061
683.269210,29.017879
683.362019,29.163333
683.454801,29.126970
683.547557,29.417879
683.640285,29.581515
683.732986,29.708788
683.825661,29.817879
683.918308,29.817879
684.010928,30.017879
684.103522,29.945152
684.196088,29.872424
684.288627,30.090606
684.381139,30.308788
684.473624,30.308788
684.566082,30.163333
684.658514,30.108788
684.750918,30.181515
684.843295,30.199697
684.935645,30.272424
685.027968,30.054242
685.120264,30.199697
685.212533,30.145152
685.304774,30.163333
685.396989,30.217879
685.489177,30.363333
685.581338,30.636061
685.673471,30.672424
685.765578,30.654242
685.857658,30.599697
685.949710,30.617879
686.041736,30.872424
686.133734,31.072424
686.225706,31.690606
686.317650,32.145152
686.409567,32.490606
686.501458,32.854242
686.593321,33.126970
686.685157,33.690606
686.776966,34.436061
686.868748,35.126970
686.960503,36.108788
687.052231,36.581515
687.143932,37.417879
687.235606,37.672424
687.327252,37.963333
687.418872,38.054242
687.510465,38.217879
687.602030,38.399697
687.693569,38.399697
687.785080,37.981515
687.876564,37.563333
687.968021,36.926970
688.059452,36.417879
688.150855,35.563333
688.242231,35.236061
688.333580,34.636061
688.424901,34.254242
688.516196,33.745152
688.607464,33.217879
688.698704,32.308788
688.789918,31.636061
688.881104,31.345152
688.972264,30.690606
689.063396,30.526970
689.154501,30.181515
689.245579,29.708788
689.336630,29.472424
689.427654,29.163333
689.518651,29.126970
689.609620,28.636061
689.700563,28.854242
689.791478,28.817879
689.882367,28.763333
689.973228,28.872424
690.064062,28.763333
690.154869,28.926970
690.245649,29.163333
690.336402,29.254242
690.427128,29.617879
690.517826,29.545152
690.608498,29.581515
690.699142,29.581515
690.789759,29.708788
690.880350,30.217879
690.970913,30.236061
691.061449,30.308788
691.151957,30.108788
691.242439,29.945152
691.332894,29.963333
691.423321,29.545152
691.513721,29.599697
691.604095,29.799697
691.694441,30.108788
691.784760,30.399697
691.875051,30.508788
691.965316,31.163333
692.055554,31.908788
692.145764,32.999697
692.235947,34.890606
692.326104,37.163333
692.416233,40.563333
692.506334,44.417879
692.596409,48.908788
692.686457,53.526970
692.776477,58.090606
692.866471,61.854242
692.956437,65.036061
693.046376,67.636061
693.136288,69.781515
693.226172,70.799697
693.316030,71.199697
693.405860,70.963333
693.495664,69.908788
693.585440,68.708788
693.675189,67.908788
693.764911,67.926970
693.854605,69.581515
693.944273,72.108788
694.033913,75.926970
694.123526,79.926970
694.213112,83.781515
694.302671,86.508788
694.392203,88.308788
694.481707,88.981515
694.571185,88.490606
694.660635,86.654242
694.750058,83.436061
694.839454,78.817879
694.928822,73.381515
695.018164,66.890606
695.107478,60.308788
695.196765,53.963333
695.286025,48.781515
695.375258,44.236061
695.464464,40.836061
695.553642,38.272424
695.642793,36.145152
695.731918,34.763333
695.821014,33.599697
695.910084,32.636061
695.999127,32.126970
696.088142,31.417879
696.177130,30.908788
696.266091,30.526970
696.355025,30.181515
696.443931,29.708788
696.532811,29.181515
696.621663,28.708788
696.710488,28.436061
696.799286,28.108788
696.888056,27.836061
696.976799,27.363333
697.065516,27.417879
697.154205,27.272424
697.242866,26.854242
697.331501,26.563333
697.420108,26.545152
697.508688,26.617879
697.597241,26.617879
697.685767,26.436061
697.774265,25.981515
697.862737,26.090606
697.951181,25.945152
698.039598,25.617879
698.127987,25.526970
698.216350,25.454242
698.304685,25.363333
698.392993,25.090606
698.481274,25.054242
698.569527,25.272424
698.657753,25.199697
698.745953,25.254242
698.834124,24.981515
698.922269,24.872424
699.010386,25.017879
699.098477,25.217879
699.186539,25.472424
699.274575,25.636061
699.362584,25.872424
699.450565,25.890606
699.538519,25.945152
699.626445,25.926970
699.714345,26.199697
699.802217,26.436061
699.890062,26.508788
699.977880,26.345152
700.065671,25.945152
700.153434,25.872424
700.241170,25.508788
700.328879,25.417879
700.416560,25.199697
700.504214,25.017879
700.591841,25.126970
700.679441,24.981515
700.767014,24.945152
700.854559,25.145152
700.942077,24.981515
701.029568,25.163333
701.117031,25.072424
701.204467,25.090606
701.291876,25.290606
701.379258,25.526970
701.466612,25.563333
701.553939,25.508788
701.641239,25.472424
701.728512,25.417879
701.815757,25.326970
701.902975,25.363333
701.990166,25.508788
702.077330,25.508788
702.164466,25.926970
702.251575,25.945152
702.338657,25.654242
702.425711,25.617879
702.512738,25.872424
702.599738,26.163333
702.686710,26.199697
702.773656,26.454242
702.860574,26.745152
702.947464,26.763333
703.034328,26.908788
703.121164,26.799697
703.207973,26.599697
703.294754,26.799697
703.381509,27.017879
703.468235,27.054242
703.554935,27.217879
703.641607,27.745152
703.728253,28.036061
703.814870,28.145152
703.901461,28.381515
703.988024,28.617879
704.074560,28.763333
704.161068,29.017879
704.247549,29.326970
704.334003,29.326970
704.420430,29.199697
704.506829,29.345152
704.593201,29.054242
704.679546,29.072424
704.765863,29.472424
704.852153,30.054242
704.938416,30.690606
705.024652,31.254242
705.110860,32.017879
705.197040,32.817879
705.283194,33.745152
705.369320,35.126970
705.455419,35.981515
705.541490,37.217879
705.627534,38.290606
705.713551,39.381515
705.799541,40.272424
705.885503,41.472424
705.971438,42.817879
706.057345,44.217879
706.143225,45.436061
706.229078,46.908788
706.314904,48.254242
706.400702,49.908788
706.486473,51.436061
706.572216,52.999697
706.657932,54.508788
706.743621,55.854242
706.829282,56.581515
706.914917,57.199697
707.000523,57.454242
707.086103,57.399697
707.171655,56.926970
707.257179,55.945152
707.342677,54.508788
707.428147,53.417879
707.513589,51.817879
707.599005,50.126970
707.684393,48.272424
707.769753,46.581515
707.855086,45.072424
707.940392,44.017879
708.025671,43.636061
708.110922,43.817879
708.196146,44.654242
708.281342,46.308788
708.366511,48.272424
708.451653,50.654242
708.536767,53.490606
708.621854,56.781515
708.706913,60.272424
708.791946,63.163333
708.876950,65.399697
708.961928,66.490606
709.046878,66.672424
709.131800,65.745152
709.216696,63.908788
709.301564,61.272424
709.386404,57.799697
709.471217,54.163333
709.556003,50.199697
709.640761,46.072424
709.725492,42.381515
709.810196,38.963333
709.894872,36.436061
709.979521,34.272424
710.064142,32.817879
710.148736,31.726970
710.233303,30.799697
710.317842,30.436061
710.402354,29.854242
710.486838,29.581515
710.571295,29.272424
710.655725,29.326970
710.740127,29.508788
710.824502,29.781515
710.908849,29.981515
710.993169,30.308788
711.077462,31.108788
711.161727,32.326970
711.245965,34.236061
711.330175,36.254242
711.414358,38.308788
711.498514,40.836061
711.582642,43.254242
711.666743,45.799697
711.750816,48.345152
711.834862,51.072424
711.918880,53.872424
712.002871,55.963333
712.086835,57.345152
712.170771,57.999697
712.254680,58.490606
712.338561,58.745152
712.422415,58.126970
712.506241,57.108788
712.590040,55.417879
712.673812,53.345152
712.757556,50.799697
712.841273,47.854242
712.924962,45.054242
713.008624,42.526970
713.092258,40.308788
713.175865,37.890606
713.259445,35.126970
713.342997,32.945152
713.426522,31.145152
713.510019,29.708788
713.593489,28.526970
713.676931,27.654242
713.760346,26.999697
713.843733,26.745152
713.927093,26.217879
714.010426,25.545152
714.093731,25.308788
714.177008,25.381515
714.260258,25.272424
714.343481,25.017879
714.426676,24.726970
714.509844,24.581515
714.592984,24.399697
714.676097,24.217879
714.759183,23.708788
714.842240,23.345152
714.925271,23.326970
715.008274,23.217879
715.091249,23.036061
715.174197,22.963333
715.257118,22.981515
715.340011,23.108788
715.422877,22.781515
715.505715,22.854242
715.588525,22.945152
715.671309,22.999697
715.754064,23.236061
715.836793,23.090606
715.919493,22.963333
716.002167,22.872424
716.084812,22.763333
716.167431,22.763333
716.250021,22.417879
716.332585,22.545152
716.415121,22.508788
716.497629,22.417879
716.580110,22.436061
716.662563,22.508788
716.744989,22.526970
716.827387,22.526970
716.909758,22.436061
716.992102,22.417879
717.074417,22.526970
717.156706,22.836061
717.238967,23.017879
717.321200,22.963333
717.403406,22.872424
717.485584,22.817879
717.567735,22.563333
717.649858,22.508788
717.731954,22.436061
717.814023,22.526970
717.896063,22.472424
717.978077,22.072424
718.060062,22.036061
718.142021,21.781515
718.223951,21.563333
718.305855,21.381515
718.387730,21.363333
718.469579,21.254242
718.551399,21.381515
718.633192,21.526970
718.714958,21.381515
718.796696,21.308788
718.878407,21.290606
718.960090,21.108788
719.041745,21.163333
719.123373,21.236061
719.204974,21.345152
719.286546,21.163333
719.368092,21.381515
719.449610,21.272424
719.531100,20.872424
719.612563,20.872424
719.693998,20.926970
719.775406,21.145152
719.856786,21.072424
719.938138,21.072424
720.019463,21.163333
720.100761,21.181515
720.182031,21.345152
720.263273,21.326970
720.344488,21.236061
720.425675,21.454242
720.506835,21.599697
720.587967,21.654242
720.669072,21.399697
720.750149,21.599697
720.831199,21.472424
720.912220,21.526970
720.993215,21.545152
721.074182,21.345152
721.155121,21.181515
721.236033,21.145152
721.316917,21.090606
721.397773,20.999697
721.478602,20.799697
721.559404,20.945152
721.640178,20.672424
721.720924,20.599697
721.801643,20.345152
721.882334,20.454242
721.962998,20.345152
722.043634,20.254242
722.124242,20.181515
722.204823,20.199697
722.285376,20.326970
722.365902,20.381515
722.446400,20.290606
722.526870,20.472424
722.607313,20.617879
722.687729,20.508788
722.768116,20.217879
722.848477,20.472424
722.928809,20.599697
723.009114,20.763333
723.089391,20.636061
723.169641,20.199697
723.249863,20.036061
723.330058,19.945152
723.410225,19.817879
723.490364,19.581515
723.570476,19.636061
723.650560,19.763333
723.730617,19.636061
723.810646,19.726970
723.890647,19.545152
723.970621,19.490606
724.050567,19.781515
724.130486,19.763333
724.210377,19.872424
724.290240,19.726970
724.370076,19.945152
724.449884,19.817879
724.529665,19.654242
724.609417,19.799697
724.689143,19.526970
724.768840,19.563333
724.848510,19.763333
724.928153,19.745152
725.007767,19.726970
725.087355,19.799697
725.166914,19.745152
725.246446,19.490606
725.325950,19.654242
725.405427,19.799697
725.484876,19.672424
725.564297,19.617879
725.643691,19.781515
725.723057,19.454242
725.802396,19.272424
725.881706,19.399697
725.960990,19.345152
726.040245,19.490606
726.119473,19.545152
726.198673,19.526970
726.277846,19.545152
726.356991,19.581515
726.436108,19.708788
726.515198,19.472424
726.594260,19.672424
726.673294,19.508788
726.752301,19.436061
726.831280,19.381515
726.910231,19.326970
726.989155,19.363333
727.068051,19.417879
727.146920,19.254242
727.225761,19.236061
727.304574,19.090606
727.383359,18.981515
727.462117,18.926970
727.540847,19.126970
727.619550,19.217879
727.698224,19.326970
727.776871,19.326970
727.855491,19.181515
727.934083,18.999697
728.012647,18.926970
728.091183,18.708788
728.169692,18.926970
728.248173,18.999697
728.326627,19.090606
728.405052,19.036061
728.483450,18.981515
728.561821,18.726970
728.640163,18.781515
728.718479,18.999697
728.796766,18.963333
728.875025,19.017879
728.953257,18.999697
729.031462,18.981515
729.109638,19.145152
729.187787,19.090606
729.265908,19.108788
729.344002,19.217879
729.422068,19.363333
729.500106,19.345152
729.578116,19.326970
729.656099,19.399697
729.734054,19.272424
729.811981,19.217879
729.889881,19.145152
729.967753,19.072424
730.045597,18.963333
730.123414,18.981515
730.201202,18.799697
730.278963,18.690606
730.356697,18.690606
730.434402,18.636061
730.512080,18.708788
730.589731,18.654242
730.667353,18.854242
730.744948,18.563333
730.822515,18.545152
730.900054,18.472424
730.977566,18.181515
731.055050,18.254242
731.132506,17.926970
731.209935,17.963333
731.287335,17.890606
731.364708,17.890606
731.442054,18.072424
731.519371,17.926970
731.596661,18.217879
731.673923,18.017879
731.751158,17.872424
731.828364,18.036061
731.905543,17.963333
731.982694,18.054242
732.059818,18.017879
732.136913,17.908788
732.213981,17.908788
732.291022,17.799697
732.368034,17.890606
732.445019,17.690606
732.521976,17.581515
732.598905,17.763333
732.675806,17.636061
732.752680,17.472424
732.829526,17.599697
732.906344,17.454242
732.983135,17.454242
733.059898,17.454242
733.136633,17.472424
733.213340,17.345152
733.290019,17.490606
733.366671,17.745152
733.443295,17.763333
733.519891,17.817879
733.596459,17.945152
733.673000,17.981515
733.749513,17.799697
733.825998,18.054242
733.902455,17.926970
733.978885,17.854242
734.055287,17.981515
734.131661,17.745152
734.208007,17.726970
734.284326,17.763333
734.360616,17.908788
734.436879,17.872424
734.513114,17.690606
734.589322,18.017879
734.665501,17.981515
734.741653,17.999697
734.817777,18.017879
734.893873,17.945152
734.969942,18.126970
735.045982,18.126970
735.121995,17.890606
735.197980,17.763333
735.273938,17.926970
735.349867,17.854242
735.425769,17.672424
735.501643,17.563333
735.577489,17.472424
735.653307,17.545152
735.729098,17.581515
735.804860,17.654242
735.880595,17.654242
735.956302,17.526970
736.031982,17.436061
736.107633,17.126970
736.183257,17.417879
736.258853,17.363333
736.334421,17.090606
736.409961,17.181515
736.485474,17.054242
736.560958,16.836061
736.636415,16.781515
736.711844,16.526970
736.787245,16.617879
736.862619,16.563333
736.937964,16.599697
737.013282,16.563333
737.088572,16.399697
737.163834,16.581515
737.239068,16.526970
737.314275,16.745152
737.389453,16.981515
737.464604,17.145152
737.539727,17.308788
737.614822,17.399697
737.689890,17.817879
737.764929,17.890606
737.839941,17.963333
737.914925,18.254242
737.989881,18.290606
738.064809,18.454242
738.139709,18.490606
738.214581,18.508788
738.289426,18.017879
738.364243,18.145152
738.439032,17.999697
738.513793,17.726970
738.588526,17.708788
738.663231,17.563333
738.737909,17.636061
738.812559,17.363333
738.887180,17.199697
738.961774,17.290606
739.036340,17.145152
739.110879,17.508788
739.185389,17.363333
739.259872,17.436061
739.334326,17.399697
739.408753,17.181515
739.483152,16.999697
739.557523,16.763333
739.631866,17.054242
739.706182,17.054242
739.780469,16.654242
739.854729,16.854242
739.928961,16.781515
740.003165,16.799697
740.077341,16.890606
740.151489,16.981515
740.225609,17.417879
740.299701,17.508788
740.373766,17.763333
740.447802,17.599697
740.521811,17.363333
740.595792,17.636061
740.669745,17.508788
740.743670,17.417879
740.817567,17.326970
740.891437,17.090606
740.965278,17.017879
741.039092,16.763333
741.112877,16.890606
741.186635,16.654242
741.260365,16.654242
741.334067,16.781515
741.407741,16.654242
741.481387,16.799697
741.555006,16.872424
741.628596,16.999697
741.702159,17.308788
741.775693,17.363333
741.849200,17.326970
741.922679,17.199697
741.996130,17.399697
742.069552,17.363333
742.142948,17.690606
742.216315,17.890606
742.289654,17.872424
742.362965,17.890606
742.436249,17.763333
742.509504,17.836061
742.582732,17.745152
742.655932,17.836061
742.729103,18.072424
742.802247,17.908788
742.875363,18.090606
742.948451,17.908788
743.021511,17.654242
743.094543,17.781515
743.167548,17.654242
743.240524,17.799697
743.313472,17.836061
743.386393,17.854242
743.459285,17.872424
743.532150,17.599697
743.604986,17.636061
743.677795,17.436061
743.750576,17.490606
743.823329,17.363333
743.896054,16.836061
743.968751,16.726970
744.041420,16.563333
744.114061,16.126970
744.186674,16.017879
744.259259,15.854242
744.331816,15.999697
744.404346,15.999697
744.476847,15.999697
744.549320,15.763333
744.621766,15.672424
744.694183,15.981515
744.766573,15.945152
744.838934,15.945152
744.911268,16.417879
744.983574,16.490606
745.055851,16.672424
745.128101,16.599697
745.200323,16.508788
745.272517,16.526970
745.344683,16.672424
745.416820,16.945152
745.488930,16.926970
745.561012,17.217879
745.633066,17.454242
745.705092,17.108788
745.777090,17.126970
745.849061,17.054242
745.921003,16.963333
745.992917,16.799697
746.064803,17.054242
746.136661,16.981515
746.208491,16.854242
746.280294,16.981515
746.352068,16.836061
746.423814,16.726970
746.495532,16.908788
746.567223,16.926970
746.638885,16.908788
746.710519,16.854242
746.782126,17.054242
746.853704,16.872424
746.925254,16.854242
746.996777,17.036061
747.068271,16.854242
747.139737,16.945152
747.211176,16.981515
747.282586,16.672424
747.353968,16.672424
747.425323,16.672424
747.496649,16.817879
747.567947,16.890606
747.639218,16.745152
747.710460,16.890606
747.781675,16.890606
747.852861,16.690606
747.924019,16.581515
747.995149,16.436061
748.066252,16.563333
748.137326,16.417879
748.208372,16.417879
748.279391,16.326970
748.350381,16.308788
748.421343,16.417879
748.492277,16.036061
748.563183,15.981515
748.634062,16.017879
748.704912,15.999697
748.775734,15.999697
748.846528,15.945152
748.917294,16.072424
748.988032,16.199697
749.058742,16.345152
749.129424,16.272424
749.200078,16.308788
749.270704,16.472424
749.341302,16.472424
749.411872,16.526970
749.482413,16.654242
749.552927,16.726970
749.623413,16.945152
749.693871,16.963333
749.764300,16.690606
749.834702,16.454242
749.905075,16.326970
