#18_run03.txt
#Wed, Mar 15, 2023, 3:39 PM
#WL (nm), Int (cts)
674.996352,21.730303
675.091533,21.584848
675.186688,21.693939
675.281816,21.766667
675.376916,21.512121
675.471990,21.457576
675.567037,21.293939
675.662057,21.584848
675.757051,21.584848
675.852017,21.657576
675.946956,21.566667
676.041869,21.566667
676.136754,21.530303
676.231613,21.330303
676.326444,21.112121
676.421249,21.348485
676.516027,21.203030
676.610778,21.403030
676.705502,21.257576
676.800199,21.239394
676.894869,21.093939
676.989513,21.112121
677.084129,21.203030
677.178718,21.021212
677.273281,20.839394
677.367816,21.021212
677.462325,20.984848
677.556807,21.112121
677.651261,21.148485
677.745689,21.239394
677.840090,21.221212
677.934464,21.312121
678.028811,21.057576
678.123131,20.875758
678.217424,21.112121
678.311690,21.075758
678.405930,20.821212
678.500142,20.893939
678.594327,21.003030
678.688486,21.003030
678.782617,21.112121
678.876722,20.839394
678.970799,20.948485
679.064850,21.075758
679.158873,21.184848
679.252870,21.203030
679.346840,21.093939
679.440783,21.057576
679.534698,21.330303
679.628587,21.148485
679.722449,21.039394
679.816284,20.984848
679.910092,21.221212
680.003873,20.966667
680.097627,21.039394
680.191354,21.112121
680.285054,20.730303
680.378727,21.166667
680.472373,21.239394
680.565993,20.966667
680.659585,20.948485
680.753150,20.966667
680.846688,20.784848
680.940199,20.803030
681.033684,21.021212
681.127141,20.912121
681.220571,20.748485
681.313975,20.893939
681.407351,20.912121
681.500700,21.093939
681.594023,21.239394
681.687318,21.603030
681.780587,21.548485
681.873828,21.584848
681.967042,21.275758
682.060230,21.221212
682.153390,21.148485
682.246524,21.148485
682.339630,21.239394
682.432710,21.239394
682.525762,20.984848
682.618788,20.784848
682.711786,20.639394
682.804757,20.475758
682.897702,20.493939
682.990619,20.821212
683.083510,20.693939
683.176373,20.930303
683.269210,20.657576
683.362019,20.512121
683.454801,20.275758
683.547557,20.275758
683.640285,20.130303
683.732986,19.948485
683.825661,20.039394
683.918308,19.912121
684.010928,19.821212
684.103522,19.784848
684.196088,19.784848
684.288627,19.857576
684.381139,19.839394
684.473624,19.893939
684.566082,19.948485
684.658514,19.912121
684.750918,19.784848
684.843295,19.948485
684.935645,20.075758
685.027968,20.003030
685.120264,20.093939
685.212533,19.948485
685.304774,20.184848
685.396989,20.275758
685.489177,20.348485
685.581338,20.348485
685.673471,20.784848
685.765578,20.912121
685.857658,20.948485
685.949710,20.984848
686.041736,21.221212
686.133734,21.421212
686.225706,21.748485
686.317650,22.166667
686.409567,22.930303
686.501458,23.457576
686.593321,24.184848
686.685157,24.621212
686.776966,25.603030
686.868748,26.512121
686.960503,27.312121
687.052231,28.130303
687.143932,28.712121
687.235606,29.312121
687.327252,29.548485
687.418872,29.493939
687.510465,29.584848
687.602030,29.366667
687.693569,29.203030
687.785080,28.748485
687.876564,27.984848
687.968021,27.239394
688.059452,26.348485
688.150855,25.821212
688.242231,25.275758
688.333580,24.693939
688.424901,24.203030
688.516196,23.457576
688.607464,22.912121
688.698704,22.403030
688.789918,21.712121
688.881104,21.512121
688.972264,21.184848
689.063396,21.075758
689.154501,20.803030
689.245579,20.148485
689.336630,19.948485
689.427654,19.603030
689.518651,19.566667
689.609620,19.312121
689.700563,19.075758
689.791478,18.893939
689.882367,18.639394
689.973228,18.948485
690.064062,19.057576
690.154869,18.912121
690.245649,19.221212
690.336402,19.330303
690.427128,19.803030
690.517826,19.857576
690.608498,20.021212
690.699142,19.948485
690.789759,20.184848
690.880350,20.384848
690.970913,20.148485
691.061449,19.875758
691.151957,19.821212
691.242439,19.693939
691.332894,19.457576
691.423321,19.330303
691.513721,19.439394
691.604095,19.657576
691.694441,20.366667
691.784760,21.057576
691.875051,22.221212
691.965316,23.984848
692.055554,27.130303
692.145764,31.475758
692.235947,36.439394
692.326104,41.693939
692.416233,46.403030
692.506334,50.148485
692.596409,53.257576
692.686457,55.039394
692.776477,56.766667
692.866471,57.821212
692.956437,58.184848
693.046376,57.639394
693.136288,56.075758
693.226172,54.330303
693.316030,53.057576
693.405860,53.184848
693.495664,55.493939
693.585440,60.148485
693.675189,66.457576
693.764911,73.312121
693.854605,79.275758
693.944273,83.966667
694.033913,86.512121
694.123526,87.312121
694.213112,86.603030
694.302671,84.675758
694.392203,80.875758
694.481707,75.475758
694.571185,68.112121
694.660635,59.948485
694.750058,51.203030
694.839454,43.275758
694.928822,36.803030
695.018164,31.930303
695.107478,28.548485
695.196765,25.948485
695.286025,23.893939
695.375258,22.693939
695.464464,21.675758
695.553642,20.803030
695.642793,20.203030
695.731918,19.312121
695.821014,18.912121
695.910084,18.384848
695.999127,17.966667
696.088142,17.657576
696.177130,17.566667
696.266091,17.439394
696.355025,17.257576
696.443931,17.384848
696.532811,17.348485
696.621663,17.039394
696.710488,16.948485
696.799286,16.857576
696.888056,16.730303
696.976799,16.512121
697.065516,16.512121
697.154205,16.403030
697.242866,16.330303
697.331501,16.057576
697.420108,15.693939
697.508688,15.566667
697.597241,15.584848
697.685767,15.512121
697.774265,15.530303
697.862737,15.566667
697.951181,15.675758
698.039598,15.730303
698.127987,15.639394
698.216350,15.657576
698.304685,15.839394
698.392993,15.675758
698.481274,15.675758
698.569527,15.584848
698.657753,15.639394
698.745953,15.457576
698.834124,15.348485
698.922269,15.039394
699.010386,14.893939
699.098477,14.984848
699.186539,14.730303
699.274575,14.603030
699.362584,14.784848
699.450565,14.675758
699.538519,14.730303
699.626445,14.621212
699.714345,14.548485
699.802217,14.530303
699.890062,14.784848
699.977880,14.693939
700.065671,14.766667
700.153434,14.984848
700.241170,14.930303
700.328879,14.748485
700.416560,14.803030
700.504214,14.766667
700.591841,14.948485
700.679441,14.766667
700.767014,14.839394
700.854559,14.639394
700.942077,14.730303
701.029568,14.548485
701.117031,14.457576
701.204467,14.421212
701.291876,14.603030
701.379258,14.712121
701.466612,14.803030
701.553939,14.839394
701.641239,14.893939
701.728512,14.984848
701.815757,15.275758
701.902975,15.166667
701.990166,15.203030
702.077330,15.148485
702.164466,15.493939
702.251575,15.603030
702.338657,15.603030
702.425711,15.748485
702.512738,15.893939
702.599738,15.857576
702.686710,15.893939
702.773656,16.039394
702.860574,16.257576
702.947464,16.439394
703.034328,16.603030
703.121164,16.348485
703.207973,16.475758
703.294754,16.603030
703.381509,16.584848
703.468235,16.730303
703.554935,17.130303
703.641607,17.130303
703.728253,17.203030
703.814870,17.239394
703.901461,17.584848
703.988024,17.803030
704.074560,18.421212
704.161068,18.548485
704.247549,18.875758
704.334003,19.057576
704.420430,19.148485
704.506829,19.366667
704.593201,19.857576
704.679546,20.275758
704.765863,20.675758
704.852153,20.948485
704.938416,21.312121
705.024652,21.421212
705.110860,21.875758
705.197040,22.603030
705.283194,23.184848
705.369320,24.075758
705.455419,24.984848
705.541490,25.857576
705.627534,26.603030
705.713551,27.639394
705.799541,28.639394
705.885503,29.839394
705.971438,31.166667
706.057345,32.766667
706.143225,34.148485
706.229078,35.948485
706.314904,37.784848
706.400702,39.493939
706.486473,40.984848
706.572216,42.475758
706.657932,43.693939
706.743621,45.093939
706.829282,46.021212
706.914917,46.821212
707.000523,46.893939
707.086103,46.766667
707.171655,46.057576
707.257179,44.784848
707.342677,43.493939
707.428147,42.275758
707.513589,40.712121
707.599005,38.984848
707.684393,37.057576
707.769753,35.421212
707.855086,33.784848
707.940392,32.766667
708.025671,32.257576
708.110922,32.530303
708.196146,33.275758
708.281342,34.821212
708.366511,36.984848
708.451653,40.093939
708.536767,43.603030
708.621854,47.075758
708.706913,50.512121
708.791946,53.621212
708.876950,55.675758
708.961928,56.403030
709.046878,56.403030
709.131800,55.621212
709.216696,53.675758
709.301564,50.821212
709.386404,47.130303
709.471217,43.130303
709.556003,38.912121
709.640761,34.948485
709.725492,31.075758
709.810196,27.893939
709.894872,25.384848
709.979521,23.548485
710.064142,21.930303
710.148736,20.803030
710.233303,20.112121
710.317842,19.439394
710.402354,19.148485
710.486838,18.821212
710.571295,18.639394
710.655725,18.712121
710.740127,18.621212
710.824502,19.112121
710.908849,19.421212
710.993169,20.293939
711.077462,21.166667
711.161727,22.184848
711.245965,23.948485
711.330175,25.748485
711.414358,28.039394
711.498514,29.984848
711.582642,32.275758
711.666743,34.948485
711.750816,37.293939
711.834862,39.621212
711.918880,41.984848
712.002871,44.039394
712.086835,45.384848
712.170771,46.312121
712.254680,46.930303
712.338561,46.657576
712.422415,46.257576
712.506241,45.257576
712.590040,43.639394
712.673812,41.421212
712.757556,38.984848
712.841273,36.075758
712.924962,33.348485
713.008624,30.893939
713.092258,28.512121
713.175865,25.784848
713.259445,23.621212
713.342997,21.712121
713.426522,20.130303
713.510019,18.875758
713.593489,18.130303
713.676931,17.512121
713.760346,16.893939
713.843733,16.312121
713.927093,15.839394
714.010426,15.366667
714.093731,15.330303
714.177008,15.275758
714.260258,14.821212
714.343481,14.621212
714.426676,14.403030
714.509844,14.130303
714.592984,13.966667
714.676097,13.693939
714.759183,13.748485
714.842240,13.839394
714.925271,13.603030
715.008274,13.403030
715.091249,13.130303
715.174197,13.221212
715.257118,13.093939
715.340011,12.821212
715.422877,12.730303
715.505715,12.493939
715.588525,12.603030
715.671309,12.493939
715.754064,12.239394
715.836793,12.439394
715.919493,12.275758
716.002167,12.239394
716.084812,12.166667
716.167431,12.039394
716.250021,12.039394
716.332585,12.057576
716.415121,12.184848
716.497629,12.093939
716.580110,12.203030
716.662563,12.166667
716.744989,11.948485
716.827387,11.912121
716.909758,12.057576
716.992102,11.966667
717.074417,11.803030
717.156706,11.984848
717.238967,11.803030
717.321200,11.984848
717.403406,11.930303
717.485584,11.639394
717.567735,11.493939
717.649858,11.403030
717.731954,11.403030
717.814023,10.984848
717.896063,10.712121
717.978077,10.657576
718.060062,10.403030
718.142021,10.348485
718.223951,10.039394
718.305855,10.203030
718.387730,10.057576
718.469579,9.912121
718.551399,10.021212
718.633192,9.984848
718.714958,10.075758
718.796696,10.475758
718.878407,10.330303
718.960090,10.512121
719.041745,10.584848
719.123373,10.384848
719.204974,10.003030
719.286546,10.166667
719.368092,10.403030
719.449610,10.384848
719.531100,10.384848
719.612563,10.457576
719.693998,10.512121
719.775406,10.693939
719.856786,10.512121
719.938138,10.566667
720.019463,10.766667
720.100761,11.003030
720.182031,10.984848
720.263273,11.039394
720.344488,11.075758
720.425675,11.093939
720.506835,11.184848
720.587967,10.857576
720.669072,10.748485
720.750149,10.748485
720.831199,10.675758
720.912220,10.639394
720.993215,10.766667
721.074182,10.675758
721.155121,10.730303
721.236033,10.421212
721.316917,10.148485
721.397773,9.930303
721.478602,10.003030
721.559404,10.148485
721.640178,10.093939
721.720924,10.039394
721.801643,9.821212
721.882334,9.548485
721.962998,9.530303
722.043634,9.184848
722.124242,9.257576
722.204823,9.112121
722.285376,9.293939
722.365902,9.239394
722.446400,9.257576
722.526870,9.057576
722.607313,9.130303
722.687729,9.130303
722.768116,9.130303
722.848477,9.075758
722.928809,9.275758
723.009114,9.257576
723.089391,9.293939
723.169641,9.075758
723.249863,8.912121
723.330058,8.730303
723.410225,8.693939
723.490364,8.566667
723.570476,8.512121
723.650560,8.766667
723.730617,8.839394
723.810646,8.693939
723.890647,8.584848
723.970621,8.821212
724.050567,8.912121
724.130486,9.057576
724.210377,9.130303
724.290240,9.366667
724.370076,9.330303
724.449884,9.439394
724.529665,9.057576
724.609417,9.003030
724.689143,9.112121
724.768840,9.003030
724.848510,9.075758
724.928153,9.039394
725.007767,8.821212
725.087355,8.603030
725.166914,8.548485
725.246446,8.693939
725.325950,8.784848
725.405427,8.875758
725.484876,8.857576
725.564297,8.748485
725.643691,8.912121
725.723057,8.748485
725.802396,8.803030
725.881706,8.912121
725.960990,8.948485
726.040245,8.930303
726.119473,8.966667
726.198673,8.730303
726.277846,8.530303
726.356991,8.530303
726.436108,8.548485
726.515198,8.348485
726.594260,8.239394
726.673294,8.039394
726.752301,8.039394
726.831280,8.184848
726.910231,8.057576
726.989155,8.021212
727.068051,8.003030
727.146920,8.239394
727.225761,8.039394
727.304574,7.948485
727.383359,7.984848
727.462117,8.112121
727.540847,8.112121
727.619550,8.493939
727.698224,8.348485
727.776871,8.348485
727.855491,8.184848
727.934083,8.239394
728.012647,8.239394
728.091183,8.130303
728.169692,8.293939
728.248173,8.348485
728.326627,8.275758
728.405052,8.275758
728.483450,7.930303
728.561821,7.893939
728.640163,7.984848
728.718479,8.112121
728.796766,8.075758
728.875025,7.930303
728.953257,8.075758
729.031462,8.003030
729.109638,8.075758
729.187787,8.203030
729.265908,8.239394
729.344002,8.257576
729.422068,8.148485
729.500106,8.203030
729.578116,7.966667
729.656099,8.039394
729.734054,7.875758
729.811981,7.784848
729.889881,7.712121
729.967753,7.566667
730.045597,7.530303
730.123414,7.639394
730.201202,7.493939
730.278963,7.348485
730.356697,7.221212
730.434402,7.457576
730.512080,7.312121
730.589731,7.239394
730.667353,7.330303
730.744948,7.421212
730.822515,7.403030
730.900054,7.330303
730.977566,7.239394
731.055050,7.403030
731.132506,7.675758
731.209935,7.730303
731.287335,7.384848
731.364708,7.457576
731.442054,7.639394
731.519371,7.603030
731.596661,7.257576
731.673923,7.148485
731.751158,7.112121
731.828364,6.948485
731.905543,6.730303
731.982694,6.493939
732.059818,6.421212
732.136913,6.530303
732.213981,6.312121
732.291022,6.221212
732.368034,6.130303
732.445019,6.239394
732.521976,6.421212
732.598905,6.439394
732.675806,6.584848
732.752680,6.584848
732.829526,6.730303
732.906344,6.784848
732.983135,6.639394
733.059898,7.003030
733.136633,7.112121
733.213340,7.184848
733.290019,7.257576
733.366671,7.239394
733.443295,7.221212
733.519891,7.148485
733.596459,7.203030
733.673000,7.057576
733.749513,6.893939
733.825998,7.130303
733.902455,7.021212
733.978885,6.766667
734.055287,6.784848
734.131661,6.784848
734.208007,6.821212
734.284326,6.712121
734.360616,6.675758
734.436879,6.730303
734.513114,6.748485
734.589322,6.839394
734.665501,6.803030
734.741653,6.875758
734.817777,6.930303
734.893873,6.930303
734.969942,6.930303
735.045982,6.730303
735.121995,6.766667
735.197980,6.693939
735.273938,6.821212
735.349867,6.875758
735.425769,6.875758
735.501643,6.857576
735.577489,6.657576
735.653307,6.675758
735.729098,6.584848
735.804860,6.584848
735.880595,6.675758
735.956302,6.766667
736.031982,6.875758
736.107633,6.875758
736.183257,6.984848
736.258853,6.803030
736.334421,6.839394
736.409961,6.857576
736.485474,6.912121
736.560958,6.912121
736.636415,6.766667
736.711844,6.712121
736.787245,6.457576
736.862619,6.330303
736.937964,6.075758
737.013282,6.093939
737.088572,6.130303
737.163834,6.093939
737.239068,6.403030
737.314275,6.493939
737.389453,6.366667
737.464604,6.421212
737.539727,6.584848
737.614822,6.712121
737.689890,6.912121
737.764929,7.057576
737.839941,7.075758
737.914925,7.112121
737.989881,6.984848
738.064809,6.730303
738.139709,6.657576
738.214581,6.839394
738.289426,6.875758
738.364243,6.730303
738.439032,6.893939
738.513793,6.748485
738.588526,6.403030
738.663231,6.293939
738.737909,6.203030
738.812559,6.112121
738.887180,6.148485
738.961774,6.330303
739.036340,6.166667
739.110879,6.330303
739.185389,6.421212
739.259872,6.130303
739.334326,6.148485
739.408753,6.257576
739.483152,6.403030
739.557523,6.403030
739.631866,6.457576
739.706182,6.184848
739.780469,6.075758
739.854729,6.148485
739.928961,5.857576
740.003165,5.857576
740.077341,6.003030
740.151489,5.930303
740.225609,5.893939
740.299701,5.566667
740.373766,5.657576
740.447802,5.675758
740.521811,5.730303
740.595792,5.584848
740.669745,5.548485
740.743670,5.621212
740.817567,5.548485
740.891437,5.403030
740.965278,5.530303
741.039092,5.548485
741.112877,5.603030
741.186635,5.548485
741.260365,5.784848
741.334067,5.875758
741.407741,5.948485
741.481387,6.021212
741.555006,6.021212
741.628596,6.003030
741.702159,6.130303
741.775693,5.984848
741.849200,6.112121
741.922679,6.130303
741.996130,6.312121
742.069552,6.221212
742.142948,6.275758
742.216315,6.384848
742.289654,6.530303
742.362965,6.603030
742.436249,6.621212
742.509504,6.784848
742.582732,6.912121
742.655932,6.893939
742.729103,6.966667
742.802247,6.912121
742.875363,6.948485
742.948451,6.857576
743.021511,6.875758
743.094543,6.930303
743.167548,6.803030
743.240524,6.730303
743.313472,6.712121
743.386393,6.548485
743.459285,6.512121
743.532150,6.439394
743.604986,6.348485
743.677795,6.275758
743.750576,6.257576
743.823329,6.075758
743.896054,5.857576
743.968751,5.603030
744.041420,5.530303
744.114061,5.239394
744.186674,5.493939
744.259259,5.457576
744.331816,5.312121
744.404346,5.112121
744.476847,4.984848
744.549320,4.984848
744.621766,5.112121
744.694183,5.257576
744.766573,5.439394
744.838934,5.439394
744.911268,5.512121
744.983574,5.184848
745.055851,5.275758
745.128101,5.221212
745.200323,5.457576
745.272517,5.493939
745.344683,5.603030
745.416820,5.548485
745.488930,5.457576
745.561012,5.475758
745.633066,5.657576
745.705092,5.548485
745.777090,5.766667
745.849061,5.584848
745.921003,5.803030
745.992917,5.748485
746.064803,5.893939
746.136661,5.839394
746.208491,5.821212
746.280294,5.839394
746.352068,5.966667
746.423814,6.075758
746.495532,6.184848
746.567223,6.003030
746.638885,6.057576
746.710519,5.948485
746.782126,5.930303
746.853704,5.712121
746.925254,5.530303
746.996777,5.584848
747.068271,5.657576
747.139737,5.657576
747.211176,5.366667
747.282586,5.293939
747.353968,5.330303
747.425323,5.257576
747.496649,5.330303
747.567947,5.421212
747.639218,5.530303
747.710460,5.512121
747.781675,5.366667
747.852861,5.275758
747.924019,5.203030
747.995149,5.366667
748.066252,5.275758
748.137326,5.312121
748.208372,5.366667
748.279391,5.203030
748.350381,5.021212
748.421343,4.912121
748.492277,4.966667
748.563183,5.057576
748.634062,5.039394
748.704912,4.803030
748.775734,4.803030
748.846528,5.021212
748.917294,4.893939
748.988032,4.930303
749.058742,4.930303
749.129424,4.912121
749.200078,5.057576
749.270704,5.112121
749.341302,4.912121
749.411872,4.875758
749.482413,5.075758
749.552927,4.930303
749.623413,4.784848
749.693871,4.893939
749.764300,4.766667
749.834702,4.948485
749.905075,5.021212
