#51_13.8K_EuGa4_Mar08_23.dat.txt
#Wed, Mar 8, 2023, 5:06 PM
#WL (nm), Int (cts)
674.996352,49.315909
675.091533,49.461364
675.186688,50.115909
675.281816,50.079545
675.376916,49.970455
675.471990,50.170455
675.567037,50.279545
675.662057,50.588636
675.757051,50.661364
675.852017,50.643182
675.946956,50.752273
676.041869,50.988636
676.136754,51.079545
676.231613,50.770455
676.326444,50.734091
676.421249,50.770455
676.516027,50.715909
676.610778,50.697727
676.705502,50.515909
676.800199,50.188636
676.894869,50.243182
676.989513,50.152273
677.084129,49.897727
677.178718,49.988636
677.273281,49.643182
677.367816,49.643182
677.462325,49.606818
677.556807,49.897727
677.651261,50.370455
677.745689,50.443182
677.840090,50.752273
677.934464,50.588636
678.028811,50.479545
678.123131,51.043182
678.217424,51.043182
678.311690,51.297727
678.405930,51.406818
678.500142,51.697727
678.594327,51.443182
678.688486,51.315909
678.782617,51.534091
678.876722,51.370455
678.970799,51.497727
679.064850,51.861364
679.158873,51.788636
679.252870,51.915909
679.346840,51.970455
679.440783,51.697727
679.534698,52.043182
679.628587,52.534091
679.722449,52.734091
679.816284,52.606818
679.910092,52.788636
680.003873,53.097727
680.097627,53.115909
680.191354,53.097727
680.285054,53.134091
680.378727,53.534091
680.472373,53.825000
680.565993,53.643182
680.659585,53.515909
680.753150,53.388636
680.846688,53.515909
680.940199,53.788636
681.033684,53.734091
681.127141,53.897727
681.220571,53.606818
681.313975,53.697727
681.407351,53.606818
681.500700,53.515909
681.594023,55.170455
681.687318,55.134091
681.780587,54.806818
681.873828,54.606818
681.967042,54.079545
682.060230,53.970455
682.153390,53.370455
682.246524,53.534091
682.339630,53.170455
682.432710,52.679545
682.525762,52.715909
682.618788,50.806818
682.711786,50.770455
682.804757,51.079545
682.897702,50.952273
682.990619,51.243182
683.083510,51.243182
683.176373,51.515909
683.269210,51.388636
683.362019,51.370455
683.454801,51.697727
683.547557,51.588636
683.640285,51.515909
683.732986,51.170455
683.825661,50.879545
683.918308,51.152273
684.010928,51.043182
684.103522,51.043182
684.196088,51.061364
684.288627,51.315909
684.381139,51.915909
684.473624,52.206818
684.566082,52.352273
684.658514,52.606818
684.750918,53.225000
684.843295,53.625000
684.935645,53.934091
685.027968,54.225000
685.120264,54.243182
685.212533,54.734091
685.304774,54.806818
685.396989,54.843182
685.489177,55.061364
685.581338,55.643182
685.673471,55.788636
685.765578,55.625000
685.857658,55.861364
685.949710,56.697727
686.041736,57.152273
686.133734,58.334091
686.225706,59.115909
686.317650,60.334091
686.409567,61.879545
686.501458,63.406818
686.593321,64.988636
686.685157,66.479545
686.776966,68.697727
686.868748,70.806818
686.960503,72.315909
687.052231,74.425000
687.143932,76.006818
687.235606,77.315909
687.327252,78.843182
687.418872,79.406818
687.510465,79.697727
687.602030,79.315909
687.693569,79.697727
687.785080,78.970455
687.876564,77.843182
687.968021,76.334091
688.059452,74.552273
688.150855,72.897727
688.242231,71.479545
688.333580,68.915909
688.424901,66.934091
688.516196,64.843182
688.607464,63.170455
688.698704,60.843182
688.789918,59.461364
688.881104,58.006818
688.972264,57.152273
689.063396,56.206818
689.154501,55.152273
689.245579,54.006818
689.336630,53.679545
689.427654,53.006818
689.518651,52.606818
689.609620,52.261364
689.700563,52.552273
689.791478,51.770455
689.882367,51.770455
689.973228,52.043182
690.064062,52.243182
690.154869,52.315909
690.245649,52.425000
690.336402,52.806818
690.427128,53.770455
690.517826,54.170455
690.608498,53.879545
690.699142,53.315909
690.789759,53.515909
690.880350,53.370455
690.970913,52.461364
691.061449,51.806818
691.151957,51.279545
691.242439,50.843182
691.332894,49.915909
691.423321,49.006818
691.513721,48.334091
691.604095,48.479545
691.694441,48.806818
691.784760,48.879545
691.875051,49.079545
691.965316,49.370455
692.055554,49.443182
692.145764,49.843182
692.235947,50.079545
692.326104,50.534091
692.416233,50.915909
692.506334,51.897727
692.596409,53.334091
692.686457,54.661364
692.776477,56.515909
692.866471,58.915909
692.956437,61.752273
693.046376,65.261364
693.136288,68.952273
693.226172,72.497727
693.316030,75.897727
693.405860,78.606818
693.495664,80.825000
693.585440,82.443182
693.675189,83.879545
693.764911,86.406818
693.854605,91.243182
693.944273,99.679545
694.033913,110.570455
694.123526,122.206818
694.213112,131.425000
694.302671,136.515909
694.392203,138.988636
694.481707,139.552273
694.571185,139.006818
694.660635,137.570455
694.750058,134.697727
694.839454,129.134091
694.928822,120.025000
695.018164,109.115909
695.107478,100.788636
695.196765,103.552273
695.286025,122.315909
695.375258,155.570455
695.464464,194.315909
695.553642,232.115909
695.642793,265.061364
695.731918,287.152273
695.821014,300.315909
695.910084,306.606818
695.999127,308.715909
696.088142,305.152273
696.177130,291.715909
696.266091,265.697727
696.355025,228.079545
696.443931,186.625000
696.532811,146.806818
696.621663,113.097727
696.710488,89.770455
696.799286,75.152273
696.888056,66.534091
696.976799,61.079545
697.065516,57.297727
697.154205,55.134091
697.242866,53.697727
697.331501,52.061364
697.420108,51.243182
697.508688,50.861364
697.597241,50.025000
697.685767,49.679545
697.774265,49.061364
697.862737,48.843182
697.951181,48.661364
698.039598,48.334091
698.127987,47.879545
698.216350,47.715909
698.304685,47.643182
698.392993,47.461364
698.481274,47.388636
698.569527,47.225000
698.657753,47.170455
698.745953,47.352273
698.834124,47.443182
698.922269,47.534091
699.010386,47.788636
699.098477,48.406818
699.186539,48.334091
699.274575,48.861364
699.362584,48.861364
699.450565,48.897727
699.538519,49.243182
699.626445,49.370455
699.714345,49.352273
699.802217,49.497727
699.890062,49.479545
699.977880,49.752273
700.065671,49.479545
700.153434,49.552273
700.241170,49.206818
700.328879,49.279545
700.416560,49.261364
700.504214,49.115909
700.591841,48.915909
700.679441,49.206818
700.767014,49.388636
700.854559,49.515909
700.942077,49.170455
701.029568,49.388636
701.117031,49.897727
701.204467,50.715909
701.291876,51.879545
701.379258,53.425000
701.466612,54.843182
701.553939,56.315909
701.641239,57.097727
701.728512,57.970455
701.815757,58.679545
701.902975,59.552273
701.990166,59.788636
702.077330,59.661364
702.164466,59.315909
702.251575,58.570455
702.338657,57.588636
702.425711,56.679545
702.512738,55.806818
702.599738,55.170455
702.686710,55.570455
702.773656,55.879545
702.860574,56.625000
702.947464,57.697727
703.034328,59.134091
703.121164,61.461364
703.207973,64.806818
703.294754,68.806818
703.381509,73.679545
703.468235,78.552273
703.554935,83.334091
703.641607,85.915909
703.728253,88.152273
703.814870,89.315909
703.901461,89.770455
703.988024,89.479545
704.074560,88.025000
704.161068,85.588636
704.247549,82.097727
704.334003,78.261364
704.420430,74.334091
704.506829,70.261364
704.593201,67.552273
704.679546,65.715909
704.765863,64.952273
704.852153,65.025000
704.938416,65.952273
705.024652,67.279545
705.110860,68.806818
705.197040,70.315909
705.283194,72.097727
705.369320,74.352273
705.455419,76.915909
705.541490,79.879545
705.627534,83.097727
705.713551,86.697727
705.799541,90.115909
705.885503,93.697727
705.971438,97.806818
706.057345,102.061364
706.143225,107.006818
706.229078,111.661364
706.314904,116.406818
706.400702,121.843182
706.486473,126.497727
706.572216,130.934091
706.657932,134.915909
706.743621,139.134091
706.829282,142.734091
706.914917,145.061364
707.000523,146.643182
707.086103,147.825000
707.171655,148.261364
707.257179,147.861364
707.342677,146.388636
707.428147,144.661364
707.513589,142.643182
707.599005,139.061364
707.684393,135.188636
707.769753,130.970455
707.855086,127.225000
707.940392,124.243182
708.025671,121.497727
708.110922,120.534091
708.196146,120.788636
708.281342,123.534091
708.366511,127.715909
708.451653,133.188636
708.536767,140.497727
708.621854,148.461364
708.706913,156.497727
708.791946,163.988636
708.876950,169.570455
708.961928,173.043182
709.046878,173.334091
709.131800,171.225000
709.216696,165.479545
709.301564,157.425000
709.386404,147.715909
709.471217,137.206818
709.556003,125.697727
709.640761,114.297727
709.725492,103.552273
709.810196,93.897727
709.894872,86.206818
709.979521,80.206818
710.064142,75.625000
710.148736,72.425000
710.233303,70.352273
710.317842,69.061364
710.402354,68.188636
710.486838,67.788636
710.571295,67.515909
710.655725,67.243182
710.740127,67.534091
710.824502,68.043182
710.908849,68.752273
710.993169,70.406818
711.077462,72.915909
711.161727,76.097727
711.245965,80.206818
711.330175,84.697727
711.414358,90.115909
711.498514,96.479545
711.582642,103.425000
711.666743,110.988636
711.750816,118.025000
711.834862,125.625000
711.918880,132.079545
712.002871,137.170455
712.086835,141.425000
712.170771,143.570455
712.254680,144.661364
712.338561,144.061364
712.422415,142.406818
712.506241,138.625000
712.590040,133.097727
712.673812,126.606818
712.757556,118.879545
712.841273,110.752273
712.924962,103.225000
713.008624,95.643182
713.092258,88.806818
713.175865,82.079545
713.259445,75.934091
713.342997,70.297727
713.426522,66.097727
713.510019,62.515909
713.593489,59.825000
713.676931,57.606818
713.760346,56.352273
713.843733,54.625000
713.927093,53.679545
714.010426,52.697727
714.093731,52.061364
714.177008,51.425000
714.260258,50.425000
714.343481,49.497727
714.426676,48.952273
714.509844,48.497727
714.592984,48.461364
714.676097,47.879545
714.759183,48.006818
714.842240,48.097727
714.925271,47.879545
715.008274,47.752273
715.091249,47.861364
715.174197,48.079545
715.257118,48.243182
715.340011,48.206818
715.422877,48.461364
715.505715,48.134091
715.588525,48.006818
715.671309,47.661364
715.754064,47.043182
715.836793,46.988636
715.919493,47.134091
716.002167,46.697727
716.084812,46.406818
716.167431,46.170455
716.250021,46.261364
716.332585,46.061364
716.415121,46.225000
716.497629,46.025000
716.580110,46.206818
716.662563,46.134091
716.744989,46.225000
716.827387,45.770455
716.909758,46.061364
716.992102,46.097727
717.074417,46.152273
717.156706,46.097727
717.238967,45.825000
717.321200,46.043182
717.403406,46.443182
717.485584,46.134091
717.567735,46.315909
717.649858,46.479545
717.731954,46.861364
717.814023,46.734091
717.896063,46.734091
717.978077,46.479545
718.060062,46.479545
718.142021,46.697727
718.223951,46.315909
718.305855,46.279545
718.387730,46.552273
718.469579,46.297727
718.551399,46.170455
718.633192,45.679545
718.714958,45.406818
718.796696,45.370455
718.878407,45.243182
718.960090,45.206818
719.041745,45.043182
719.123373,44.643182
719.204974,44.352273
719.286546,44.170455
719.368092,43.934091
719.449610,43.897727
719.531100,44.025000
719.612563,44.352273
719.693998,44.043182
719.775406,44.043182
719.856786,43.788636
719.938138,43.788636
720.019463,43.897727
720.100761,44.079545
720.182031,43.843182
720.263273,44.006818
720.344488,43.388636
720.425675,43.261364
720.506835,42.861364
720.587967,42.843182
720.669072,42.970455
720.750149,43.097727
720.831199,42.861364
720.912220,43.025000
720.993215,43.079545
721.074182,43.243182
721.155121,43.225000
721.236033,43.370455
721.316917,43.425000
721.397773,43.570455
721.478602,43.461364
721.559404,43.370455
721.640178,43.061364
721.720924,42.970455
721.801643,42.752273
721.882334,42.134091
721.962998,42.097727
722.043634,41.952273
722.124242,41.843182
722.204823,41.643182
722.285376,41.152273
722.365902,41.043182
722.446400,41.115909
722.526870,41.225000
722.607313,41.425000
722.687729,41.279545
722.768116,41.206818
722.848477,40.988636
722.928809,41.279545
723.009114,41.497727
723.089391,41.770455
723.169641,42.006818
723.249863,42.043182
723.330058,41.825000
723.410225,41.570455
723.490364,41.443182
723.570476,41.588636
723.650560,42.134091
723.730617,42.425000
723.810646,42.388636
723.890647,42.097727
723.970621,41.715909
724.050567,41.643182
724.130486,41.661364
724.210377,41.534091
724.290240,41.697727
724.370076,41.734091
724.449884,41.661364
724.529665,41.570455
724.609417,41.334091
724.689143,41.152273
724.768840,41.225000
724.848510,41.825000
724.928153,41.934091
725.007767,42.061364
725.087355,42.025000
725.166914,41.879545
725.246446,41.861364
725.325950,41.643182
725.405427,41.315909
725.484876,41.097727
725.564297,41.097727
725.643691,41.206818
725.723057,40.825000
725.802396,40.625000
725.881706,40.461364
725.960990,40.588636
726.040245,40.479545
726.119473,40.297727
726.198673,40.406818
726.277846,40.297727
726.356991,40.661364
726.436108,40.534091
726.515198,40.534091
726.594260,40.406818
726.673294,40.643182
726.752301,40.534091
726.831280,40.715909
726.910231,40.770455
726.989155,40.806818
727.068051,40.952273
727.146920,40.825000
727.225761,40.443182
727.304574,40.315909
727.383359,40.079545
727.462117,39.843182
727.540847,39.534091
727.619550,39.534091
727.698224,39.279545
727.776871,39.170455
727.855491,39.334091
727.934083,39.206818
728.012647,39.625000
728.091183,39.479545
728.169692,39.443182
728.248173,39.479545
728.326627,39.715909
728.405052,39.952273
728.483450,39.843182
728.561821,40.134091
728.640163,40.243182
728.718479,40.225000
728.796766,40.170455
728.875025,39.970455
728.953257,40.315909
729.031462,40.388636
729.109638,40.497727
729.187787,40.643182
729.265908,40.715909
729.344002,41.043182
729.422068,40.588636
729.500106,40.752273
729.578116,40.497727
729.656099,40.406818
729.734054,40.152273
729.811981,39.806818
729.889881,39.843182
729.967753,39.570455
730.045597,39.134091
730.123414,39.152273
730.201202,39.006818
730.278963,39.188636
730.356697,38.915909
730.434402,39.152273
730.512080,39.079545
730.589731,39.115909
730.667353,39.206818
730.744948,39.188636
730.822515,39.188636
730.900054,39.425000
730.977566,38.915909
731.055050,38.988636
731.132506,38.970455
731.209935,39.079545
731.287335,38.952273
731.364708,38.988636
731.442054,39.061364
731.519371,38.952273
731.596661,38.788636
731.673923,38.588636
731.751158,38.334091
731.828364,38.443182
731.905543,38.079545
731.982694,37.697727
732.059818,37.770455
732.136913,37.588636
732.213981,37.279545
732.291022,37.243182
732.368034,37.243182
732.445019,37.043182
732.521976,37.315909
732.598905,37.225000
732.675806,37.206818
732.752680,37.425000
732.829526,37.352273
732.906344,36.970455
732.983135,36.697727
733.059898,36.988636
733.136633,36.806818
733.213340,36.934091
733.290019,37.079545
733.366671,36.897727
733.443295,36.934091
733.519891,36.788636
733.596459,36.734091
733.673000,36.952273
733.749513,36.788636
733.825998,36.825000
733.902455,36.825000
733.978885,36.952273
734.055287,36.534091
734.131661,36.388636
734.208007,36.079545
734.284326,36.134091
734.360616,36.352273
734.436879,36.188636
734.513114,36.370455
734.589322,36.588636
734.665501,36.861364
734.741653,36.679545
734.817777,36.643182
734.893873,36.970455
734.969942,37.134091
735.045982,37.570455
735.121995,37.243182
735.197980,36.752273
735.273938,37.115909
735.349867,36.788636
735.425769,36.752273
735.501643,36.697727
735.577489,36.934091
735.653307,36.770455
735.729098,36.770455
735.804860,36.952273
735.880595,36.988636
735.956302,37.625000
736.031982,38.061364
736.107633,37.988636
736.183257,38.152273
736.258853,38.170455
736.334421,38.115909
736.409961,37.952273
736.485474,38.134091
736.560958,38.188636
736.636415,37.806818
736.711844,37.443182
736.787245,36.934091
736.862619,36.715909
736.937964,36.715909
737.013282,36.934091
737.088572,36.879545
737.163834,36.970455
737.239068,37.206818
737.314275,37.006818
737.389453,37.025000
737.464604,37.206818
737.539727,37.479545
737.614822,37.606818
737.689890,37.861364
737.764929,37.661364
737.839941,37.406818
737.914925,37.406818
737.989881,37.297727
738.064809,37.043182
738.139709,37.425000
738.214581,37.152273
738.289426,36.843182
738.364243,36.734091
738.439032,36.552273
738.513793,36.425000
738.588526,36.388636
738.663231,36.443182
738.737909,36.625000
738.812559,36.588636
738.887180,36.606818
738.961774,36.388636
739.036340,36.188636
739.110879,36.206818
739.185389,36.443182
739.259872,36.570455
739.334326,36.643182
739.408753,36.388636
739.483152,36.370455
739.557523,36.188636
739.631866,36.334091
739.706182,36.570455
739.780469,36.479545
739.854729,36.825000
739.928961,37.261364
740.003165,37.115909
740.077341,37.043182
740.151489,36.897727
740.225609,37.115909
740.299701,37.188636
740.373766,37.206818
740.447802,37.370455
740.521811,36.915909
740.595792,37.079545
740.669745,36.934091
740.743670,36.697727
740.817567,36.552273
740.891437,36.406818
740.965278,36.243182
741.039092,35.861364
741.112877,35.461364
741.186635,35.352273
741.260365,35.206818
741.334067,35.206818
741.407741,35.152273
741.481387,35.297727
741.555006,35.425000
741.628596,35.534091
741.702159,35.988636
741.775693,36.043182
741.849200,36.479545
741.922679,36.697727
741.996130,36.915909
742.069552,36.897727
742.142948,37.406818
742.216315,37.497727
742.289654,37.643182
742.362965,37.715909
742.436249,37.843182
742.509504,37.915909
742.582732,38.297727
742.655932,38.243182
742.729103,38.170455
742.802247,38.243182
742.875363,38.097727
742.948451,38.097727
743.021511,38.025000
743.094543,37.806818
743.167548,37.679545
743.240524,37.134091
743.313472,37.134091
743.386393,36.770455
743.459285,36.879545
743.532150,36.988636
743.604986,36.770455
743.677795,36.770455
743.750576,36.315909
743.823329,36.206818
743.896054,35.988636
743.968751,35.643182
744.041420,35.952273
744.114061,35.388636
744.186674,35.097727
744.259259,34.915909
744.331816,34.770455
744.404346,34.770455
744.476847,34.697727
744.549320,34.752273
744.621766,34.643182
744.694183,34.970455
744.766573,35.315909
744.838934,34.970455
744.911268,35.134091
744.983574,35.515909
745.055851,35.552273
745.128101,35.643182
745.200323,35.788636
745.272517,35.770455
745.344683,35.988636
745.416820,36.115909
745.488930,36.279545
745.561012,36.225000
745.633066,36.825000
745.705092,37.006818
745.777090,37.152273
745.849061,37.334091
745.921003,37.715909
745.992917,37.297727
746.064803,37.643182
746.136661,37.934091
746.208491,37.952273
746.280294,38.261364
746.352068,38.552273
746.423814,38.625000
746.495532,38.752273
746.567223,38.588636
746.638885,38.588636
746.710519,38.370455
746.782126,38.534091
746.853704,38.170455
746.925254,37.588636
746.996777,37.406818
747.068271,36.970455
747.139737,36.588636
747.211176,35.934091
747.282586,35.425000
747.353968,35.243182
747.425323,34.697727
747.496649,34.625000
747.567947,34.752273
747.639218,34.752273
747.710460,34.825000
747.781675,34.806818
747.852861,34.515909
747.924019,34.570455
747.995149,34.879545
748.066252,34.806818
748.137326,35.006818
748.208372,35.279545
748.279391,34.970455
748.350381,34.879545
748.421343,34.734091
748.492277,34.388636
748.563183,34.334091
748.634062,34.188636
748.704912,33.825000
748.775734,33.552273
748.846528,33.788636
748.917294,33.334091
748.988032,33.534091
749.058742,33.879545
749.129424,33.825000
749.200078,34.079545
749.270704,34.443182
749.341302,34.752273
749.411872,35.006818
749.482413,35.461364
749.552927,35.861364
749.623413,35.934091
749.693871,36.206818
749.764300,35.988636
749.834702,35.352273
749.905075,35.370455
