#53_EuGa4_Mar08_23.dat.txt
#Wed, Mar 8, 2023, 5:30 PM
#WL (nm), Int (cts)
674.996352,56.813636
675.091533,56.740909
675.186688,56.850000
675.281816,57.122727
675.376916,57.340909
675.471990,57.595455
675.567037,57.450000
675.662057,57.704545
675.757051,57.650000
675.852017,57.686364
675.946956,57.868182
676.041869,57.740909
676.136754,57.850000
676.231613,57.559091
676.326444,57.468182
676.421249,57.431818
676.516027,57.104545
676.610778,57.250000
676.705502,57.086364
676.800199,57.104545
676.894869,57.122727
676.989513,56.959091
677.084129,57.140909
677.178718,57.540909
677.273281,57.250000
677.367816,57.159091
677.462325,56.995455
677.556807,57.286364
677.651261,57.686364
677.745689,57.922727
677.840090,58.522727
677.934464,58.595455
678.028811,58.740909
678.123131,58.959091
678.217424,59.013636
678.311690,59.250000
678.405930,59.559091
678.500142,60.031818
678.594327,60.540909
678.688486,60.631818
678.782617,60.977273
678.876722,60.250000
678.970799,60.304545
679.064850,60.468182
679.158873,60.722727
679.252870,61.159091
679.346840,61.322727
679.440783,61.340909
679.534698,62.450000
679.628587,62.213636
679.722449,62.486364
679.816284,62.522727
679.910092,63.031818
680.003873,63.304545
680.097627,64.013636
680.191354,64.050000
680.285054,63.722727
680.378727,64.704545
680.472373,64.559091
680.565993,63.395455
680.659585,63.813636
680.753150,63.450000
680.846688,62.995455
680.940199,63.050000
681.033684,63.340909
681.127141,62.722727
681.220571,62.504545
681.313975,62.250000
681.407351,61.740909
681.500700,61.959091
681.594023,65.995455
681.687318,66.013636
681.780587,65.631818
681.873828,65.740909
681.967042,65.104545
682.060230,64.977273
682.153390,64.595455
682.246524,64.268182
682.339630,63.959091
682.432710,63.886364
682.525762,63.468182
682.618788,59.195455
682.711786,58.904545
682.804757,59.450000
682.897702,59.468182
682.990619,59.577273
683.083510,59.031818
683.176373,59.195455
683.269210,59.268182
683.362019,59.450000
683.454801,59.268182
683.547557,59.104545
683.640285,59.122727
683.732986,58.631818
683.825661,58.159091
683.918308,58.304545
684.010928,58.286364
684.103522,58.286364
684.196088,58.431818
684.288627,58.468182
684.381139,59.104545
684.473624,59.504545
684.566082,59.740909
684.658514,59.831818
684.750918,60.431818
684.843295,61.286364
684.935645,61.668182
685.027968,62.086364
685.120264,62.559091
685.212533,62.686364
685.304774,63.195455
685.396989,63.340909
685.489177,63.777273
685.581338,64.522727
685.673471,65.086364
685.765578,65.795455
685.857658,66.577273
685.949710,67.231818
686.041736,68.340909
686.133734,70.140909
686.225706,72.140909
686.317650,74.795455
686.409567,77.450000
686.501458,80.486364
686.593321,83.595455
686.685157,87.286364
686.776966,91.122727
686.868748,94.977273
686.960503,98.522727
687.052231,102.268182
687.143932,105.140909
687.235606,107.959091
687.327252,110.631818
687.418872,112.468182
687.510465,112.995455
687.602030,112.995455
687.693569,112.668182
687.785080,110.995455
687.876564,108.304545
687.968021,105.977273
688.059452,102.795455
688.150855,99.759091
688.242231,97.159091
688.333580,92.559091
688.424901,88.322727
688.516196,84.595455
688.607464,81.413636
688.698704,78.140909
688.789918,75.104545
688.881104,72.813636
688.972264,70.050000
689.063396,67.795455
689.154501,65.559091
689.245579,62.759091
689.336630,61.286364
689.427654,60.195455
689.518651,59.413636
689.609620,58.504545
689.700563,57.850000
689.791478,57.195455
689.882367,56.704545
689.973228,57.813636
690.064062,58.904545
690.154869,59.359091
690.245649,60.177273
690.336402,61.050000
690.427128,62.231818
690.517826,62.613636
690.608498,62.395455
690.699142,61.213636
690.789759,60.740909
690.880350,60.468182
690.970913,58.559091
691.061449,56.468182
691.151957,55.359091
691.242439,53.559091
691.332894,52.104545
691.423321,50.850000
691.513721,49.504545
691.604095,49.250000
691.694441,49.668182
691.784760,49.759091
691.875051,49.650000
691.965316,50.140909
692.055554,50.450000
692.145764,50.631818
692.235947,51.250000
692.326104,52.031818
692.416233,52.540909
692.506334,54.068182
692.596409,55.977273
692.686457,58.559091
692.776477,62.668182
692.866471,67.377273
692.956437,72.831818
693.046376,79.013636
693.136288,85.631818
693.226172,92.559091
693.316030,98.304545
693.405860,102.850000
693.495664,105.813636
693.585440,107.340909
693.675189,106.450000
693.764911,103.959091
693.854605,100.522727
693.944273,96.031818
694.033913,90.468182
694.123526,83.868182
694.213112,76.868182
694.302671,70.613636
694.392203,65.286364
694.481707,60.904545
694.571185,57.140909
694.660635,55.050000
694.750058,53.213636
694.839454,52.304545
694.928822,50.995455
695.018164,50.286364
695.107478,49.831818
695.196765,49.595455
695.286025,49.231818
695.375258,48.595455
695.464464,48.268182
695.553642,48.177273
695.642793,48.340909
695.731918,47.595455
695.821014,46.268182
695.910084,45.904545
695.999127,45.268182
696.088142,45.195455
696.177130,44.759091
696.266091,44.704545
696.355025,44.631818
696.443931,44.831818
696.532811,44.522727
696.621663,44.013636
696.710488,44.231818
696.799286,44.268182
696.888056,43.940909
696.976799,44.050000
697.065516,43.850000
697.154205,44.031818
697.242866,43.486364
697.331501,43.140909
697.420108,42.722727
697.508688,42.795455
697.597241,42.613636
697.685767,42.850000
697.774265,42.831818
697.862737,43.122727
697.951181,42.959091
698.039598,42.813636
698.127987,42.795455
698.216350,43.068182
698.304685,43.504545
698.392993,43.504545
698.481274,43.504545
698.569527,43.504545
698.657753,43.431818
698.745953,43.413636
698.834124,43.377273
698.922269,43.450000
699.010386,43.340909
699.098477,43.686364
699.186539,43.286364
699.274575,43.122727
699.362584,43.159091
699.450565,43.031818
699.538519,42.940909
699.626445,42.940909
699.714345,42.995455
699.802217,42.977273
699.890062,43.231818
699.977880,43.268182
700.065671,42.995455
700.153434,43.559091
700.241170,43.577273
700.328879,43.740909
700.416560,43.904545
700.504214,44.068182
700.591841,43.668182
700.679441,43.759091
700.767014,44.359091
700.854559,44.431818
700.942077,44.468182
701.029568,44.668182
701.117031,44.377273
701.204467,44.359091
701.291876,44.613636
701.379258,44.813636
701.466612,45.395455
701.553939,46.359091
701.641239,46.777273
701.728512,46.595455
701.815757,46.686364
701.902975,47.031818
701.990166,47.159091
702.077330,47.322727
702.164466,48.086364
702.251575,48.304545
702.338657,48.759091
702.425711,49.068182
702.512738,49.450000
702.599738,49.850000
702.686710,50.795455
702.773656,51.704545
702.860574,52.559091
702.947464,53.304545
703.034328,54.140909
703.121164,54.959091
703.207973,56.104545
703.294754,56.995455
703.381509,57.813636
703.468235,59.159091
703.554935,60.304545
703.641607,60.995455
703.728253,61.922727
703.814870,62.759091
703.901461,63.650000
703.988024,64.650000
704.074560,64.977273
704.161068,65.504545
704.247549,65.904545
704.334003,66.795455
704.420430,66.868182
704.506829,67.231818
704.593201,68.031818
704.679546,69.431818
704.765863,71.559091
704.852153,73.431818
704.938416,75.959091
705.024652,78.831818
705.110860,82.468182
705.197040,86.377273
705.283194,90.122727
705.369320,95.013636
705.455419,99.759091
705.541490,105.504545
705.627534,111.159091
705.713551,117.086364
705.799541,123.468182
705.885503,130.613636
705.971438,138.031818
706.057345,145.668182
706.143225,153.850000
706.229078,163.031818
706.314904,172.431818
706.400702,181.831818
706.486473,191.122727
706.572216,199.486364
706.657932,207.122727
706.743621,213.613636
706.829282,217.977273
706.914917,220.759091
707.000523,221.940909
707.086103,220.831818
707.171655,217.340909
707.257179,211.559091
707.342677,204.377273
707.428147,195.904545
707.513589,186.613636
707.599005,176.395455
707.684393,166.759091
707.769753,158.250000
707.855086,151.013636
707.940392,145.213636
708.025671,142.559091
708.110922,143.377273
708.196146,148.013636
708.281342,158.013636
708.366511,170.431818
708.451653,186.486364
708.536767,204.704545
708.621854,223.468182
708.706913,241.904545
708.791946,257.759091
708.876950,270.140909
708.961928,277.104545
709.046878,278.468182
709.131800,273.813636
709.216696,263.213636
709.301564,248.122727
709.386404,229.322727
709.471217,208.268182
709.556003,186.013636
709.640761,163.486364
709.725492,143.122727
709.810196,124.304545
709.894872,109.504545
709.979521,98.231818
710.064142,90.104545
710.148736,84.122727
710.233303,80.250000
710.317842,77.540909
710.402354,75.886364
710.486838,75.104545
710.571295,74.631818
710.655725,74.740909
710.740127,75.868182
710.824502,77.704545
710.908849,80.195455
710.993169,83.450000
711.077462,88.304545
711.161727,94.486364
711.245965,103.031818
711.330175,112.777273
711.414358,124.322727
711.498514,137.050000
711.582642,150.668182
711.666743,164.940909
711.750816,179.031818
711.834862,193.140909
711.918880,206.195455
712.002871,216.668182
712.086835,224.813636
712.170771,229.813636
712.254680,231.904545
712.338561,230.868182
712.422415,227.759091
712.506241,221.559091
712.590040,211.740909
712.673812,199.486364
712.757556,184.813636
712.841273,169.668182
712.924962,155.086364
713.008624,140.450000
713.092258,126.486364
713.175865,113.250000
713.259445,101.159091
713.342997,89.850000
713.426522,80.504545
713.510019,73.395455
713.593489,67.650000
713.676931,63.340909
713.760346,59.995455
713.843733,56.322727
713.927093,54.031818
714.010426,52.250000
714.093731,50.831818
714.177008,49.159091
714.260258,48.050000
714.343481,46.268182
714.426676,44.940909
714.509844,44.140909
714.592984,43.595455
714.676097,42.777273
714.759183,42.686364
714.842240,42.559091
714.925271,41.431818
715.008274,41.268182
715.091249,41.177273
715.174197,40.850000
715.257118,40.722727
715.340011,40.540909
715.422877,40.704545
715.505715,40.195455
715.588525,40.213636
715.671309,39.922727
715.754064,39.231818
715.836793,39.468182
715.919493,39.195455
716.002167,39.159091
716.084812,38.795455
716.167431,38.922727
716.250021,39.068182
716.332585,38.577273
716.415121,38.850000
716.497629,38.704545
716.580110,38.431818
716.662563,38.740909
716.744989,38.431818
716.827387,38.177273
716.909758,37.959091
716.992102,37.613636
717.074417,37.050000
717.156706,36.922727
717.238967,36.977273
717.321200,36.995455
717.403406,37.068182
717.485584,36.831818
717.567735,36.359091
717.649858,36.504545
717.731954,36.868182
717.814023,36.904545
717.896063,36.977273
717.978077,36.868182
718.060062,36.995455
718.142021,36.868182
718.223951,36.886364
718.305855,36.722727
718.387730,37.159091
718.469579,37.340909
718.551399,37.686364
718.633192,37.559091
718.714958,37.268182
718.796696,37.704545
718.878407,38.086364
718.960090,38.068182
719.041745,38.050000
719.123373,37.504545
719.204974,37.450000
719.286546,37.559091
719.368092,37.250000
719.449610,37.231818
719.531100,37.013636
719.612563,37.359091
719.693998,37.177273
719.775406,37.431818
719.856786,37.177273
719.938138,37.177273
720.019463,37.286364
720.100761,37.431818
720.182031,37.068182
720.263273,37.340909
720.344488,36.940909
720.425675,37.140909
720.506835,37.177273
720.587967,37.268182
720.669072,36.777273
720.750149,36.922727
720.831199,37.250000
720.912220,37.413636
720.993215,37.613636
721.074182,37.813636
721.155121,38.068182
721.236033,38.195455
721.316917,37.450000
721.397773,37.159091
721.478602,36.668182
721.559404,36.940909
721.640178,36.559091
721.720924,36.140909
721.801643,35.850000
721.882334,35.450000
721.962998,34.977273
722.043634,34.340909
722.124242,33.922727
722.204823,34.177273
722.285376,34.104545
722.365902,33.686364
722.446400,33.777273
722.526870,34.213636
722.607313,34.213636
722.687729,33.904545
722.768116,33.631818
722.848477,34.068182
722.928809,34.195455
723.009114,34.322727
723.089391,34.577273
723.169641,34.650000
723.249863,34.686364
723.330058,34.159091
723.410225,33.577273
723.490364,33.668182
723.570476,33.686364
723.650560,33.850000
723.730617,33.522727
723.810646,33.922727
723.890647,33.850000
723.970621,33.831818
724.050567,34.031818
724.130486,34.450000
724.210377,34.413636
724.290240,34.704545
724.370076,34.522727
724.449884,34.886364
724.529665,34.850000
724.609417,35.122727
724.689143,34.686364
724.768840,34.577273
724.848510,35.286364
724.928153,34.977273
725.007767,34.722727
725.087355,34.977273
725.166914,34.904545
725.246446,34.959091
725.325950,35.250000
725.405427,35.177273
725.484876,35.031818
725.564297,35.177273
725.643691,35.468182
725.723057,34.631818
725.802396,34.904545
725.881706,35.322727
725.960990,35.377273
726.040245,35.013636
726.119473,35.250000
726.198673,35.031818
726.277846,34.886364
726.356991,34.813636
726.436108,34.795455
726.515198,34.831818
726.594260,34.413636
726.673294,34.340909
726.752301,34.250000
726.831280,34.140909
726.910231,34.522727
726.989155,34.668182
727.068051,34.740909
727.146920,34.831818
727.225761,34.959091
727.304574,34.886364
727.383359,34.359091
727.462117,34.631818
727.540847,34.486364
727.619550,34.559091
727.698224,34.377273
727.776871,34.377273
727.855491,34.250000
727.934083,34.068182
728.012647,34.268182
728.091183,34.013636
728.169692,34.177273
728.248173,34.304545
728.326627,34.377273
728.405052,34.377273
728.483450,34.050000
728.561821,34.159091
728.640163,34.177273
728.718479,34.377273
728.796766,34.213636
728.875025,34.340909
728.953257,34.468182
729.031462,33.777273
729.109638,33.886364
729.187787,34.159091
729.265908,34.377273
729.344002,34.613636
729.422068,34.068182
729.500106,34.140909
729.578116,33.431818
729.656099,33.304545
729.734054,32.831818
729.811981,32.850000
729.889881,33.159091
729.967753,32.995455
730.045597,32.468182
730.123414,32.140909
730.201202,31.795455
730.278963,32.359091
730.356697,32.231818
730.434402,32.340909
730.512080,32.286364
730.589731,32.286364
730.667353,32.159091
730.744948,32.395455
730.822515,32.613636
730.900054,32.831818
730.977566,32.668182
731.055050,33.031818
731.132506,33.104545
731.209935,33.068182
731.287335,33.086364
731.364708,32.959091
731.442054,33.122727
731.519371,33.104545
731.596661,32.686364
731.673923,32.668182
731.751158,32.395455
731.828364,32.540909
731.905543,31.868182
731.982694,31.650000
732.059818,31.813636
732.136913,31.904545
732.213981,31.886364
732.291022,31.631818
732.368034,31.595455
732.445019,31.577273
732.521976,31.304545
732.598905,31.777273
732.675806,31.504545
732.752680,31.977273
732.829526,31.722727
732.906344,31.140909
732.983135,30.777273
733.059898,30.977273
733.136633,31.140909
733.213340,31.086364
733.290019,31.413636
733.366671,31.522727
733.443295,30.959091
733.519891,31.068182
733.596459,31.086364
733.673000,31.140909
733.749513,30.886364
733.825998,31.159091
733.902455,31.377273
733.978885,31.086364
734.055287,31.068182
734.131661,30.704545
734.208007,30.377273
734.284326,30.631818
734.360616,30.777273
734.436879,30.304545
734.513114,30.450000
734.589322,31.013636
734.665501,31.013636
734.741653,30.559091
734.817777,30.504545
734.893873,30.777273
734.969942,31.359091
735.045982,31.504545
735.121995,31.322727
735.197980,30.850000
735.273938,31.650000
735.349867,31.195455
735.425769,31.195455
735.501643,31.122727
735.577489,31.413636
735.653307,31.286364
735.729098,31.304545
735.804860,31.122727
735.880595,31.250000
735.956302,31.468182
736.031982,31.686364
736.107633,31.104545
736.183257,31.795455
736.258853,32.013636
736.334421,32.104545
736.409961,32.013636
736.485474,32.413636
736.560958,32.140909
736.636415,32.050000
736.711844,31.631818
736.787245,31.577273
736.862619,31.413636
736.937964,31.740909
737.013282,31.650000
737.088572,31.286364
737.163834,30.940909
737.239068,31.795455
737.314275,31.831818
737.389453,31.940909
737.464604,32.159091
737.539727,32.413636
737.614822,32.377273
737.689890,32.740909
737.764929,32.722727
737.839941,32.595455
737.914925,32.486364
737.989881,32.777273
738.064809,31.977273
738.139709,31.559091
738.214581,31.395455
738.289426,30.631818
738.364243,30.904545
738.439032,30.850000
738.513793,30.977273
738.588526,30.377273
738.663231,30.104545
738.737909,30.304545
738.812559,30.195455
738.887180,30.031818
738.961774,30.450000
739.036340,30.177273
739.110879,30.759091
739.185389,31.159091
739.259872,31.013636
739.334326,30.795455
739.408753,30.795455
739.483152,31.268182
739.557523,31.304545
739.631866,31.504545
739.706182,31.668182
739.780469,31.413636
739.854729,31.831818
739.928961,31.486364
740.003165,30.813636
740.077341,30.813636
740.151489,31.304545
740.225609,31.431818
740.299701,31.086364
740.373766,31.050000
740.447802,30.904545
740.521811,30.777273
740.595792,30.904545
740.669745,30.922727
740.743670,31.140909
740.817567,31.395455
740.891437,31.250000
740.965278,30.813636
741.039092,30.595455
741.112877,30.577273
741.186635,30.704545
741.260365,30.850000
741.334067,30.977273
741.407741,31.159091
741.481387,31.359091
741.555006,31.268182
741.628596,31.559091
741.702159,32.031818
741.775693,32.213636
741.849200,32.795455
741.922679,33.159091
741.996130,33.395455
742.069552,33.940909
742.142948,34.522727
742.216315,34.850000
742.289654,35.213636
742.362965,35.722727
742.436249,35.650000
742.509504,35.940909
742.582732,36.504545
742.655932,36.250000
742.729103,36.013636
742.802247,36.122727
742.875363,35.540909
742.948451,35.177273
743.021511,34.959091
743.094543,34.395455
743.167548,33.886364
743.240524,33.213636
743.313472,32.922727
743.386393,31.959091
743.459285,32.159091
743.532150,31.959091
743.604986,31.286364
743.677795,30.995455
743.750576,30.486364
743.823329,30.140909
743.896054,29.722727
743.968751,29.559091
744.041420,29.795455
744.114061,28.940909
744.186674,28.959091
744.259259,28.668182
744.331816,28.795455
744.404346,28.486364
744.476847,28.395455
744.549320,28.322727
744.621766,28.395455
744.694183,28.559091
744.766573,28.650000
744.838934,28.504545
744.911268,28.959091
744.983574,28.613636
745.055851,28.777273
745.128101,28.868182
745.200323,29.340909
745.272517,29.486364
745.344683,29.940909
745.416820,30.195455
745.488930,30.850000
745.561012,31.159091
745.633066,31.250000
745.705092,31.413636
745.777090,32.122727
745.849061,31.922727
745.921003,31.777273
745.992917,31.322727
746.064803,31.722727
746.136661,31.959091
746.208491,31.813636
746.280294,31.922727
746.352068,31.595455
746.423814,31.995455
746.495532,32.177273
746.567223,31.704545
746.638885,32.231818
746.710519,32.140909
746.782126,32.704545
746.853704,32.122727
746.925254,31.540909
746.996777,31.831818
747.068271,31.468182
747.139737,31.831818
747.211176,31.304545
747.282586,30.831818
747.353968,30.850000
747.425323,30.177273
747.496649,30.486364
747.567947,30.795455
747.639218,30.795455
747.710460,30.959091
747.781675,30.540909
747.852861,30.031818
747.924019,30.013636
747.995149,30.268182
748.066252,30.322727
748.137326,30.359091
748.208372,30.977273
748.279391,30.304545
748.350381,29.540909
748.421343,29.486364
748.492277,29.140909
748.563183,28.831818
748.634062,29.159091
748.704912,28.413636
748.775734,28.213636
748.846528,28.340909
748.917294,28.286364
748.988032,27.940909
749.058742,28.086364
749.129424,28.122727
749.200078,28.340909
749.270704,28.613636
749.341302,28.868182
749.411872,28.686364
749.482413,29.086364
749.552927,29.413636
749.623413,29.359091
749.693871,29.322727
749.764300,29.540909
749.834702,29.795455
749.905075,30.231818
