#P I Flux Inorm
0 17564 0 0
1 18212 0 0
2 19578 0 0
3 19931 0 0
4 21048 0 0
5 22160 0 0
6 24068 0 0
7 24834 0 0
8 25077 0 0
9 24024 0 0
10 22181 0 0
11 21162 0 0
12 20196 0 0
13 20423 0 0
14 20756 0 0
15 21369 0 0
16 22389 0 0
17 23338 0 0
18 24418 0 0
19 25194 0 0
20 26974 0 0
21 28547 0 0
22 30526 0 0
23 33003 0 0
24 35872 0 0
25 40065 0 0
26 42255 0 0
27 51646 0 0
28 53806 0 0
29 65703 0 0
30 67793 0 0
31 84931 0 0
32 83481 0 0
33 93625 0 0
34 88531 0 0
35 84849 0 0
36 83870 0 0
37 77623 0 0
38 81139 0 0
39 81902 0 0
40 93390 0 0
41 94819 0 0
42 106787 0 0
43 97600 0 0
44 98732 0 0
45 95189 0 0
46 94955 0 0
47 96581 0 0
48 110600 0 0
49 127309 0 0
50 130952 0 0
51 136778 0 0
52 147887 0 0
53 167590 0 0
54 187715 0 0
55 219404 0 0
56 256806 0 0
57 349076 0 0
58 367292 0 0
59 385472 0 0
60 457090 0 0
61 548033 0 0
62 623973 0 0
63 758291 0 0
64 843567 0 0
65 873673 0 0
66 908602 0 0
67 1.10942e+06 0 0
68 1.16564e+06 0 0
69 1.28621e+06 0 0
70 1.1069e+06 0 0
71 1.1587e+06 0 0
72 1.19182e+06 0 0
73 1.23172e+06 0 0
74 1.32008e+06 0 0
75 1.58292e+06 0 0
76 1.84283e+06 0 0
77 1.61216e+06 0 0
78 1.26849e+06 0 0
79 950073 0 0
80 995125 0 0
81 925031 0 0
82 694733 0 0
83 687823 0 0
84 685037 0 0
85 722731 0 0
86 620243 0 0
87 507226 0 0
88 417141 0 0
89 338726 0 0
90 278805 0 0
91 225591 0 0
92 180968 0 0
93 153462 0 0
94 136079 0 0
95 126698 0 0
96 112948 0 0
97 103766 0 0
98 95274 0 0
99 90670 0 0
100 84183 0 0
101 83522 0 0
102 78172 0 0
103 77772 0 0
104 73024 0 0
105 68667 0 0
106 63044 0 0
107 59982 0 0
108 55877 0 0
109 54059 0 0
110 52065 0 0
111 48815 0 0
112 48283 0 0
113 44369 0 0
114 44335 0 0
115 40600 0 0
116 40729 0 0
117 36677 0 0
118 36955 0 0
119 34249 0 0
120 34666 0 0
121 32395 0 0
122 31585 0 0
123 30163 0 0
124 29370 0 0
125 28921 0 0
126 27807 0 0
127 27885 0 0
128 26646 0 0
129 27160 0 0
130 25340 0 0
131 25791 0 0
132 24399 0 0
133 25149 0 0
134 24723 0 0
135 25177 0 0
136 24634 0 0
137 25537 0 0
138 25366 0 0
139 25822 0 0
140 26191 0 0
141 26632 0 0
142 27509 0 0
143 28018 0 0
144 28186 0 0
145 25685 0 0
146 23488 0 0
147 20424 0 0
148 19420 0 0
149 17885 0 0
150 17278 0 0
151 16558 0 0
152 16101 0 0
153 15300 0 0
154 14887 0 0
155 14796 0 0
156 14097 0 0
157 13949 0 0
158 13665 0 0
159 13656 0 0
160 12873 0 0
161 13174 0 0
162 12594 0 0
163 12620 0 0
164 12009 0 0
165 12259 0 0
166 11512 0 0
167 11583 0 0
168 11147 0 0
169 10718 0 0
170 10871 0 0
171 10492 0 0
172 10627 0 0
173 10196 0 0
174 10023 0 0
175 9476 0 0
176 9601 0 0
177 9371 0 0
178 9251 0 0
179 8971 0 0
180 8874 0 0
181 8754 0 0
182 8648 0 0
183 8462 0 0
184 8213 0 0
185 8221 0 0
186 8037 0 0
187 7791 0 0
188 7555 0 0
189 7629 0 0
190 7325 0 0
191 7497 0 0
192 7141 0 0
193 7266 0 0
194 7058 0 0
195 6932 0 0
196 6949 0 0
197 6921 0 0
198 6716 0 0
199 6642 0 0
200 6568 0 0
201 6317 0 0
202 6371 0 0
203 6024 0 0
204 6191 0 0
205 5989 0 0
206 6027 0 0
207 5957 0 0
208 5595 0 0
209 5737 0 0
210 5683 0 0
211 5667 0 0
212 5279 0 0
213 5534 0 0
214 5183 0 0
215 5229 0 0
216 5192 0 0
217 5070 0 0
218 5050 0 0
219 5096 0 0
220 4817 0 0
221 4782 0 0
222 4742 0 0
223 4768 0 0
224 4669 0 0
225 4567 0 0
226 4591 0 0
227 4550 0 0
228 4471 0 0
229 4288 0 0
230 4582 0 0
231 4381 0 0
232 4369 0 0
233 4200 0 0
234 4246 0 0
235 4104 0 0
236 4187 0 0
237 4106 0 0
238 4204 0 0
239 4137 0 0
240 4101 0 0
241 4015 0 0
242 4022 0 0
243 3983 0 0
244 3956 0 0
245 3979 0 0
246 3789 0 0
247 3817 0 0
248 3776 0 0
249 3771 0 0
250 3700 0 0
251 3788 0 0
252 3634 0 0
253 3704 0 0
254 3609 0 0
255 3699 0 0
256 3510 0 0
257 3623 0 0
258 3638 0 0
259 3500 0 0
260 3571 0 0
261 3424 0 0
262 3515 0 0
263 3370 0 0
264 3364 0 0
265 3255 0 0
266 3373 0 0
267 3337 0 0
268 3247 0 0
269 3251 0 0
270 3200 0 0
271 3331 0 0
272 3354 0 0
273 3260 0 0
274 3184 0 0
275 3247 0 0
276 3153 0 0
277 3224 0 0
278 3251 0 0
279 3198 0 0
280 3121 0 0
281 3145 0 0
282 3058 0 0
283 3184 0 0
284 3100 0 0
285 3063 0 0
286 3044 0 0
287 2967 0 0
288 3050 0 0
289 3033 0 0
290 3120 0 0
291 2943 0 0
292 3098 0 0
293 3081 0 0
294 2942 0 0
295 2983 0 0
296 2951 0 0
297 2933 0 0
298 2946 0 0
299 2888 0 0
300 2864 0 0
301 2811 0 0
302 2870 0 0
303 2751 0 0
304 2763 0 0
305 2829 0 0
306 2844 0 0
307 2814 0 0
308 2728 0 0
309 2675 0 0
310 2848 0 0
311 2808 0 0
312 2661 0 0
313 2762 0 0
314 2680 0 0
315 2720 0 0
316 2756 0 0
317 2688 0 0
318 2720 0 0
319 2635 0 0
320 2588 0 0
321 2529 0 0
322 2602 0 0
323 2532 0 0
324 2591 0 0
325 2570 0 0
326 2582 0 0
327 2578 0 0
328 2460 0 0
329 2596 0 0
330 2524 0 0
331 2496 0 0
332 2559 0 0
333 2535 0 0
334 2531 0 0
335 2521 0 0
336 2495 0 0
337 2569 0 0
338 2405 0 0
339 2534 0 0
340 2501 0 0
341 2404 0 0
342 2444 0 0
343 2382 0 0
344 2469 0 0
345 2385 0 0
346 2521 0 0
347 2315 0 0
348 2433 0 0
349 2312 0 0
350 2366 0 0
351 2393 0 0
352 2321 0 0
353 2363 0 0
354 2342 0 0
355 2261 0 0
356 2440 0 0
357 2248 0 0
358 2241 0 0
359 2226 0 0
360 2175 0 0
361 2189 0 0
362 2264 0 0
363 2198 0 0
364 2129 0 0
365 2234 0 0
366 2174 0 0
367 2249 0 0
368 2214 0 0
369 2116 0 0
370 2202 0 0
371 2097 0 0
372 2142 0 0
373 2229 0 0
374 2180 0 0
375 2241 0 0
376 2253 0 0
377 2230 0 0
378 2143 0 0
379 2251 0 0
380 2274 0 0
381 2108 0 0
382 2202 0 0
383 2177 0 0
384 2079 0 0
385 2209 0 0
386 2103 0 0
387 2115 0 0
388 2058 0 0
389 2103 0 0
390 2183 0 0
391 1996 0 0
392 2086 0 0
393 2152 0 0
394 1968 0 0
395 2001 0 0
396 2054 0 0
397 2072 0 0
398 2028 0 0
399 1956 0 0
400 2014 0 0
401 2029 0 0
402 1961 0 0
403 1965 0 0
404 1958 0 0
405 1992 0 0
406 2013 0 0
407 1999 0 0
408 1890 0 0
409 1927 0 0
410 1870 0 0
411 1891 0 0
412 1920 0 0
413 1847 0 0
414 1849 0 0
415 1903 0 0
416 1871 0 0
417 1902 0 0
418 1862 0 0
419 1857 0 0
420 1810 0 0
421 1784 0 0
422 1797 0 0
423 1868 0 0
424 1860 0 0
425 1830 0 0
426 1825 0 0
427 1808 0 0
428 1792 0 0
429 1792 0 0
430 1782 0 0
431 1684 0 0
432 1719 0 0
433 1718 0 0
434 1825 0 0
435 1906 0 0
436 1900 0 0
437 1767 0 0
438 1744 0 0
439 1719 0 0
440 1821 0 0
441 1731 0 0
442 1679 0 0
443 1819 0 0
444 1757 0 0
445 1722 0 0
446 1711 0 0
447 1642 0 0
448 1774 0 0
449 1753 0 0
450 1683 0 0
451 1721 0 0
452 1652 0 0
453 1724 0 0
454 1641 0 0
455 1724 0 0
456 1671 0 0
457 1711 0 0
458 1614 0 0
459 1718 0 0
460 1730 0 0
461 1677 0 0
462 1680 0 0
463 1716 0 0
464 1709 0 0
465 1622 0 0
466 1675 0 0
467 1600 0 0
468 1646 0 0
469 1622 0 0
470 1684 0 0
471 1664 0 0
472 1652 0 0
473 1610 0 0
474 1617 0 0
475 1581 0 0
476 1742 0 0
477 1561 0 0
478 1651 0 0
479 1655 0 0
480 1618 0 0
481 1699 0 0
482 1634 0 0
483 1590 0 0
484 1610 0 0
485 1649 0 0
486 1602 0 0
487 1636 0 0
488 1590 0 0
489 1689 0 0
490 1664 0 0
491 1570 0 0
492 1643 0 0
493 1632 0 0
494 1592 0 0
495 1590 0 0
496 1549 0 0
497 1507 0 0
498 1577 0 0
499 1652 0 0
500 1599 0 0
501 1605 0 0
502 1626 0 0
503 1573 0 0
504 1527 0 0
505 1576 0 0
506 1642 0 0
507 1532 0 0
508 1618 0 0
509 1648 0 0
510 1656 0 0
511 1655 0 0
512 1572 0 0
513 1651 0 0
514 1592 0 0
515 1643 0 0
516 1630 0 0
517 1671 0 0
518 1664 0 0
519 1624 0 0
520 1640 0 0
521 1607 0 0
522 1623 0 0
523 1688 0 0
524 1607 0 0
525 1588 0 0
526 1658 0 0
527 1565 0 0
528 1633 0 0
529 1546 0 0
530 1606 0 0
531 1567 0 0
532 1527 0 0
533 1535 0 0
534 1596 0 0
535 1470 0 0
536 1523 0 0
537 1520 0 0
538 1507 0 0
539 1511 0 0
540 1554 0 0
541 1524 0 0
542 1490 0 0
543 1478 0 0
544 1520 0 0
545 1515 0 0
546 1459 0 0
547 1537 0 0
548 1529 0 0
549 1516 0 0
550 1523 0 0
551 1516 0 0
552 1498 0 0
553 1507 0 0
554 1540 0 0
555 1458 0 0
556 1412 0 0
557 1488 0 0
558 1487 0 0
559 1546 0 0
560 1491 0 0
561 1468 0 0
562 1475 0 0
563 1569 0 0
564 1460 0 0
565 1464 0 0
566 1424 0 0
567 1512 0 0
568 1545 0 0
569 1561 0 0
570 1494 0 0
571 1539 0 0
572 1544 0 0
573 1533 0 0
574 1449 0 0
575 1506 0 0
576 1494 0 0
577 1529 0 0
578 1568 0 0
579 1520 0 0
580 1503 0 0
581 1544 0 0
582 1582 0 0
583 1540 0 0
584 1631 0 0
585 1595 0 0
586 1511 0 0
587 1639 0 0
588 1633 0 0
589 1533 0 0
590 1521 0 0
591 1541 0 0
592 1560 0 0
593 1529 0 0
594 1523 0 0
595 1501 0 0
596 1510 0 0
597 1497 0 0
598 1444 0 0
599 1505 0 0
600 1489 0 0
601 1459 0 0
602 1426 0 0
603 1512 0 0
604 1452 0 0
605 1442 0 0
606 1418 0 0
607 1437 0 0
608 1366 0 0
609 1392 0 0
610 1375 0 0
611 1384 0 0
612 1328 0 0
613 1365 0 0
614 1283 0 0
615 1357 0 0
616 1364 0 0
617 1295 0 0
618 1312 0 0
619 1380 0 0
620 1366 0 0
621 1286 0 0
622 1351 0 0
623 1236 0 0
624 1259 0 0
625 1333 0 0
626 1275 0 0
627 1259 0 0
628 1341 0 0
629 1314 0 0
630 1258 0 0
631 1223 0 0
632 1319 0 0
633 1355 0 0
634 1298 0 0
635 1333 0 0
636 1309 0 0
637 1304 0 0
638 1190 0 0
639 1267 0 0
640 1239 0 0
641 1313 0 0
642 1308 0 0
643 1269 0 0
644 1224 0 0
645 1307 0 0
646 1208 0 0
647 1253 0 0
648 1211 0 0
649 1198 0 0
650 1234 0 0
651 1234 0 0
652 1270 0 0
653 1245 0 0
654 1267 0 0
655 1279 0 0
656 1250 0 0
657 1233 0 0
658 1208 0 0
659 1182 0 0
660 1274 0 0
661 1282 0 0
662 1183 0 0
663 1227 0 0
664 1211 0 0
665 1249 0 0
666 1254 0 0
667 1322 0 0
668 1276 0 0
669 1277 0 0
670 1299 0 0
671 1266 0 0
672 1255 0 0
673 1238 0 0
674 1289 0 0
675 1264 0 0
676 1266 0 0
677 1217 0 0
678 1236 0 0
679 1220 0 0
680 1321 0 0
681 1255 0 0
682 1201 0 0
683 1167 0 0
684 1237 0 0
685 1233 0 0
686 1245 0 0
687 1258 0 0
688 1228 0 0
689 1192 0 0
690 1215 0 0
691 1246 0 0
692 1190 0 0
693 1226 0 0
694 1259 0 0
695 1266 0 0
696 1186 0 0
697 1228 0 0
698 1162 0 0
699 1189 0 0
700 1248 0 0
701 1191 0 0
702 1216 0 0
703 1252 0 0
704 1215 0 0
705 1169 0 0
706 1206 0 0
707 1162 0 0
708 1225 0 0
709 1221 0 0
710 1227 0 0
711 1286 0 0
712 1259 0 0
713 1234 0 0
714 1259 0 0
715 1216 0 0
716 1206 0 0
717 1284 0 0
718 1224 0 0
719 1234 0 0
720 1262 0 0
721 1229 0 0
722 1276 0 0
723 1237 0 0
724 1271 0 0
725 1230 0 0
726 1231 0 0
727 1209 0 0
728 1223 0 0
729 1230 0 0
730 1201 0 0
731 1173 0 0
732 1183 0 0
733 1209 0 0
734 1121 0 0
735 1192 0 0
736 1218 0 0
737 1192 0 0
738 1241 0 0
739 1253 0 0
740 1177 0 0
741 1173 0 0
742 1253 0 0
743 1137 0 0
744 1191 0 0
745 1279 0 0
746 1173 0 0
747 1255 0 0
748 1244 0 0
749 1257 0 0
750 1205 0 0
751 1209 0 0
752 1168 0 0
753 1205 0 0
754 1171 0 0
755 1232 0 0
756 1201 0 0
757 1214 0 0
758 1195 0 0
759 1219 0 0
760 1194 0 0
761 1213 0 0
762 1215 0 0
763 1245 0 0
764 1229 0 0
765 1198 0 0
766 1233 0 0
767 1191 0 0
768 1204 0 0
769 1193 0 0
770 1211 0 0
771 1185 0 0
772 1203 0 0
773 1207 0 0
774 1217 0 0
775 1240 0 0
776 1220 0 0
777 1186 0 0
778 1182 0 0
779 1200 0 0
780 1240 0 0
781 1189 0 0
782 1181 0 0
783 1194 0 0
784 1206 0 0
785 1209 0 0
786 1265 0 0
787 1186 0 0
788 1221 0 0
789 1187 0 0
790 1218 0 0
791 1248 0 0
792 1283 0 0
793 1222 0 0
794 1191 0 0
795 1183 0 0
796 1169 0 0
797 1166 0 0
798 1156 0 0
799 1235 0 0
800 1177 0 0
801 1223 0 0
802 1204 0 0
803 1195 0 0
804 1163 0 0
805 1225 0 0
806 1156 0 0
807 1167 0 0
808 1178 0 0
809 1227 0 0
810 1177 0 0
811 1226 0 0
812 1233 0 0
813 1208 0 0
814 1201 0 0
815 1182 0 0
816 1156 0 0
817 1222 0 0
818 1270 0 0
819 1254 0 0
820 1243 0 0
821 1173 0 0
822 1192 0 0
823 1198 0 0
824 1234 0 0
825 1223 0 0
826 1189 0 0
827 1161 0 0
828 1164 0 0
829 1162 0 0
830 1182 0 0
831 1219 0 0
832 1156 0 0
833 1210 0 0
834 1211 0 0
835 1170 0 0
836 1168 0 0
837 1162 0 0
838 1223 0 0
839 1175 0 0
840 1172 0 0
841 1210 0 0
842 1183 0 0
843 1180 0 0
844 1214 0 0
845 1219 0 0
846 1205 0 0
847 1204 0 0
848 1212 0 0
849 1205 0 0
850 1164 0 0
851 1178 0 0
852 1178 0 0
853 1260 0 0
854 1231 0 0
855 1157 0 0
856 1245 0 0
857 1170 0 0
858 1170 0 0
859 1153 0 0
860 1191 0 0
861 1171 0 0
862 1233 0 0
863 1141 0 0
864 1197 0 0
865 1179 0 0
866 1194 0 0
867 1161 0 0
868 1205 0 0
869 1127 0 0
870 1150 0 0
871 1133 0 0
872 1186 0 0
873 1144 0 0
874 1162 0 0
875 1146 0 0
876 1174 0 0
877 1276 0 0
878 1178 0 0
879 1149 0 0
880 1233 0 0
881 1212 0 0
882 1256 0 0
883 1178 0 0
884 1158 0 0
885 1209 0 0
886 1210 0 0
887 1194 0 0
888 1223 0 0
889 1227 0 0
890 1194 0 0
891 1180 0 0
892 1258 0 0
893 1180 0 0
894 1206 0 0
895 1184 0 0
896 1199 0 0
897 1203 0 0
898 1288 0 0
899 1217 0 0
900 1244 0 0
901 1247 0 0
902 1166 0 0
903 1288 0 0
904 1158 0 0
905 1180 0 0
906 1237 0 0
907 1177 0 0
908 1186 0 0
909 1284 0 0
910 1235 0 0
911 1228 0 0
912 1186 0 0
913 1207 0 0
914 1231 0 0
915 1179 0 0
916 1212 0 0
917 1195 0 0
918 1198 0 0
919 1207 0 0
920 1123 0 0
921 1265 0 0
922 1218 0 0
923 1205 0 0
924 1224 0 0
925 1207 0 0
926 1258 0 0
927 1207 0 0
928 1150 0 0
929 1202 0 0
930 1140 0 0
931 1223 0 0
932 1175 0 0
933 1232 0 0
934 1241 0 0
935 1205 0 0
936 1233 0 0
937 1217 0 0
938 1252 0 0
939 1217 0 0
940 1191 0 0
941 1177 0 0
942 1215 0 0
943 1225 0 0
944 1272 0 0
945 1232 0 0
946 1158 0 0
947 1198 0 0
948 1183 0 0
949 1205 0 0
950 1254 0 0
951 1264 0 0
952 1191 0 0
953 1186 0 0
954 1161 0 0
955 1243 0 0
956 1216 0 0
957 1279 0 0
958 1162 0 0
959 1252 0 0
960 1206 0 0
961 1221 0 0
962 1223 0 0
963 1212 0 0
964 1298 0 0
965 1373 0 0
966 1289 0 0
967 1267 0 0
968 1208 0 0
969 1217 0 0
970 1166 0 0
971 1265 0 0
972 1195 0 0
973 1177 0 0
974 1188 0 0
975 1171 0 0
976 1236 0 0
977 1237 0 0
978 1185 0 0
979 1165 0 0
980 1161 0 0
981 1216 0 0
982 1207 0 0
983 1164 0 0
984 1218 0 0
985 1247 0 0
986 1224 0 0
987 1187 0 0
988 1231 0 0
989 1226 0 0
990 1217 0 0
991 1194 0 0
992 1252 0 0
993 1193 0 0
994 1228 0 0
995 1271 0 0
996 1226 0 0
997 1210 0 0
998 1186 0 0
999 1187 0 0
1000 1220 0 0
1001 1263 0 0
1002 1276 0 0
1003 1200 0 0
1004 1133 0 0
1005 1162 0 0
1006 1142 0 0
1007 1209 0 0
1008 1172 0 0
1009 1244 0 0
1010 1220 0 0
1011 1198 0 0
1012 1202 0 0
1013 1232 0 0
1014 1228 0 0
1015 1215 0 0
1016 1167 0 0
1017 1181 0 0
1018 1228 0 0
1019 1206 0 0
1020 1201 0 0
1021 1204 0 0
1022 1185 0 0
1023 1211 0 0
1024 1162 0 0
1025 1246 0 0
1026 1189 0 0
1027 1233 0 0
1028 1200 0 0
1029 1206 0 0
1030 1186 0 0
1031 1182 0 0
1032 1177 0 0
1033 1212 0 0
1034 1225 0 0
1035 1219 0 0
1036 1216 0 0
1037 1236 0 0
1038 1170 0 0
1039 1177 0 0
1040 1216 0 0
1041 1214 0 0
1042 1177 0 0
1043 1204 0 0
1044 1226 0 0
1045 1208 0 0
1046 1221 0 0
1047 1195 0 0
1048 1196 0 0
1049 1175 0 0
1050 1191 0 0
1051 1147 0 0
1052 1172 0 0
1053 1236 0 0
1054 1157 0 0
1055 1183 0 0
1056 1187 0 0
1057 1226 0 0
1058 1262 0 0
1059 1184 0 0
1060 1237 0 0
1061 1181 0 0
1062 1222 0 0
1063 1214 0 0
1064 1206 0 0
1065 1185 0 0
1066 1259 0 0
1067 1240 0 0
1068 1192 0 0
1069 1229 0 0
1070 1182 0 0
1071 1175 0 0
1072 1213 0 0
1073 1187 0 0
1074 1179 0 0
1075 1202 0 0
1076 1181 0 0
1077 1127 0 0
1078 1217 0 0
1079 1211 0 0
1080 1245 0 0
1081 1205 0 0
1082 1207 0 0
1083 1225 0 0
1084 1224 0 0
1085 1202 0 0
1086 1284 0 0
1087 1170 0 0
1088 1241 0 0
1089 1272 0 0
1090 1194 0 0
1091 1211 0 0
1092 1257 0 0
1093 1232 0 0
1094 1177 0 0
1095 1255 0 0
1096 1243 0 0
1097 1221 0 0
1098 1244 0 0
1099 1226 0 0
