#P I Flux Inorm
0 13668 0 0
1 13959 0 0
2 14425 0 0
3 14709 0 0
4 15332 0 0
5 15512 0 0
6 15590 0 0
7 16399 0 0
8 16571 0 0
9 17044 0 0
10 17440 0 0
11 18190 0 0
12 18159 0 0
13 19123 0 0
14 19269 0 0
15 20392 0 0
16 20442 0 0
17 21762 0 0
18 22410 0 0
19 23690 0 0
20 24673 0 0
21 25023 0 0
22 25979 0 0
23 26805 0 0
24 28128 0 0
25 28561 0 0
26 29655 0 0
27 30535 0 0
28 32525 0 0
29 33662 0 0
30 37131 0 0
31 39333 0 0
32 44050 0 0
33 49725 0 0
34 54224 0 0
35 61731 0 0
36 65661 0 0
37 70806 0 0
38 78512 0 0
39 83751 0 0
40 91309 0 0
41 98035 0 0
42 105069 0 0
43 103977 0 0
44 112559 0 0
45 110864 0 0
46 115919 0 0
47 111442 0 0
48 122920 0 0
49 142615 0 0
50 158858 0 0
51 162420 0 0
52 172892 0 0
53 192434 0 0
54 227982 0 0
55 263996 0 0
56 304564 0 0
57 334048 0 0
58 363715 0 0
59 418275 0 0
60 451752 0 0
61 557757 0 0
62 662628 0 0
63 741589 0 0
64 818438 0 0
65 956418 0 0
66 1.11193e+06 0 0
67 1.09306e+06 0 0
68 1.09509e+06 0 0
69 1.21664e+06 0 0
70 1.377e+06 0 0
71 1.41677e+06 0 0
72 1.49422e+06 0 0
73 1.48143e+06 0 0
74 1.37777e+06 0 0
75 1.34359e+06 0 0
76 1.18987e+06 0 0
77 1.066e+06 0 0
78 1.04019e+06 0 0
79 1.04764e+06 0 0
80 1.03215e+06 0 0
81 923635 0 0
82 819056 0 0
83 850905 0 0
84 833320 0 0
85 701608 0 0
86 513734 0 0
87 445177 0 0
88 438322 0 0
89 382983 0 0
90 283203 0 0
91 226215 0 0
92 188669 0 0
93 165945 0 0
94 151625 0 0
95 138867 0 0
96 127468 0 0
97 116549 0 0
98 108144 0 0
99 100307 0 0
100 95159 0 0
101 88294 0 0
102 84291 0 0
103 79151 0 0
104 77912 0 0
105 73285 0 0
106 73820 0 0
107 70665 0 0
108 71490 0 0
109 68998 0 0
110 69849 0 0
111 67252 0 0
112 66101 0 0
113 62551 0 0
114 59595 0 0
115 55830 0 0
116 52772 0 0
117 50796 0 0
118 47792 0 0
119 46580 0 0
120 43372 0 0
121 43705 0 0
122 40725 0 0
123 41848 0 0
124 38012 0 0
125 37531 0 0
126 34855 0 0
127 35767 0 0
128 33227 0 0
129 33024 0 0
130 31417 0 0
131 31281 0 0
132 30295 0 0
133 29277 0 0
134 28537 0 0
135 27022 0 0
136 27158 0 0
137 25573 0 0
138 25790 0 0
139 24458 0 0
140 24421 0 0
141 22711 0 0
142 23489 0 0
143 21743 0 0
144 22048 0 0
145 20574 0 0
146 20727 0 0
147 20049 0 0
148 19810 0 0
149 19442 0 0
150 18904 0 0
151 19024 0 0
152 18245 0 0
153 18581 0 0
154 17722 0 0
155 18094 0 0
156 16968 0 0
157 17462 0 0
158 16417 0 0
159 17439 0 0
160 16484 0 0
161 16796 0 0
162 16232 0 0
163 16714 0 0
164 16116 0 0
165 16304 0 0
166 16047 0 0
167 15692 0 0
168 15547 0 0
169 15014 0 0
170 15527 0 0
171 14842 0 0
172 14694 0 0
173 14315 0 0
174 14392 0 0
175 13486 0 0
176 13810 0 0
177 13252 0 0
178 13302 0 0
179 13088 0 0
180 12940 0 0
181 12802 0 0
182 12626 0 0
183 12434 0 0
184 12475 0 0
185 12194 0 0
186 12129 0 0
187 12032 0 0
188 11879 0 0
189 11739 0 0
190 11733 0 0
191 11764 0 0
192 11023 0 0
193 11346 0 0
194 10910 0 0
195 11163 0 0
196 11122 0 0
197 10949 0 0
198 10592 0 0
199 10581 0 0
200 10485 0 0
201 10460 0 0
202 10062 0 0
203 10161 0 0
204 9837 0 0
205 9700 0 0
206 9481 0 0
207 9516 0 0
208 9321 0 0
209 9162 0 0
210 9088 0 0
211 9046 0 0
212 8944 0 0
213 8598 0 0
214 8940 0 0
215 8434 0 0
216 8469 0 0
217 8204 0 0
218 8225 0 0
219 7934 0 0
220 7810 0 0
221 7737 0 0
222 7839 0 0
223 7460 0 0
224 7353 0 0
225 7129 0 0
226 7043 0 0
227 6885 0 0
228 6963 0 0
229 6765 0 0
230 6688 0 0
231 6600 0 0
232 6464 0 0
233 6482 0 0
234 6372 0 0
235 6434 0 0
236 6070 0 0
237 6146 0 0
238 6084 0 0
239 6181 0 0
240 5821 0 0
241 5940 0 0
242 5819 0 0
243 5938 0 0
244 5875 0 0
245 5722 0 0
246 5733 0 0
247 5663 0 0
248 5734 0 0
249 5437 0 0
250 5441 0 0
251 5391 0 0
252 5424 0 0
253 5216 0 0
254 5349 0 0
255 5153 0 0
256 5175 0 0
257 5120 0 0
258 5238 0 0
259 4924 0 0
260 5079 0 0
261 4968 0 0
262 4939 0 0
263 4840 0 0
264 4759 0 0
265 4804 0 0
266 4615 0 0
267 4758 0 0
268 4516 0 0
269 4603 0 0
270 4485 0 0
271 4476 0 0
272 4582 0 0
273 4462 0 0
274 4405 0 0
275 4399 0 0
276 4306 0 0
277 4321 0 0
278 4260 0 0
279 4207 0 0
280 4171 0 0
281 4049 0 0
282 4123 0 0
283 4095 0 0
284 4044 0 0
285 4040 0 0
286 4108 0 0
287 3910 0 0
288 3945 0 0
289 3788 0 0
290 3919 0 0
291 3914 0 0
292 3827 0 0
293 3756 0 0
294 3876 0 0
295 3751 0 0
296 3752 0 0
297 3733 0 0
298 3751 0 0
299 3745 0 0
300 3702 0 0
301 3715 0 0
302 3599 0 0
303 3553 0 0
304 3584 0 0
305 3620 0 0
306 3586 0 0
307 3569 0 0
308 3593 0 0
309 3624 0 0
310 3583 0 0
311 3514 0 0
312 3440 0 0
313 3545 0 0
314 3486 0 0
315 3287 0 0
316 3431 0 0
317 3400 0 0
318 3512 0 0
319 3433 0 0
320 3511 0 0
321 3521 0 0
322 3506 0 0
323 3378 0 0
324 3458 0 0
325 3353 0 0
326 3474 0 0
327 3446 0 0
328 3413 0 0
329 3255 0 0
330 3302 0 0
331 3393 0 0
332 3435 0 0
333 3348 0 0
334 3372 0 0
335 3153 0 0
336 3197 0 0
337 3094 0 0
338 3232 0 0
339 3076 0 0
340 3128 0 0
341 3149 0 0
342 3167 0 0
343 3107 0 0
344 3099 0 0
345 3038 0 0
346 2985 0 0
347 3009 0 0
348 2843 0 0
349 2899 0 0
350 2952 0 0
351 2915 0 0
352 2921 0 0
353 2935 0 0
354 2857 0 0
355 2828 0 0
356 2825 0 0
357 2857 0 0
358 2959 0 0
359 2931 0 0
360 2865 0 0
361 2751 0 0
362 2773 0 0
363 2724 0 0
364 2784 0 0
365 2694 0 0
366 2622 0 0
367 2681 0 0
368 2698 0 0
369 2625 0 0
370 2645 0 0
371 2615 0 0
372 2579 0 0
373 2675 0 0
374 2656 0 0
375 2648 0 0
376 2579 0 0
377 2536 0 0
378 2523 0 0
379 2542 0 0
380 2654 0 0
381 2546 0 0
382 2584 0 0
383 2597 0 0
384 2514 0 0
385 2554 0 0
386 2435 0 0
387 2509 0 0
388 2491 0 0
389 2525 0 0
390 2483 0 0
391 2392 0 0
392 2485 0 0
393 2447 0 0
394 2493 0 0
395 2322 0 0
396 2377 0 0
397 2406 0 0
398 2437 0 0
399 2389 0 0
400 2380 0 0
401 2370 0 0
402 2290 0 0
403 2335 0 0
404 2302 0 0
405 2178 0 0
406 2305 0 0
407 2284 0 0
408 2322 0 0
409 2151 0 0
410 2249 0 0
411 2208 0 0
412 2261 0 0
413 2212 0 0
414 2230 0 0
415 2229 0 0
416 2243 0 0
417 2305 0 0
418 2110 0 0
419 2228 0 0
420 2182 0 0
421 2195 0 0
422 2208 0 0
423 2178 0 0
424 2111 0 0
425 2095 0 0
426 2120 0 0
427 2182 0 0
428 2150 0 0
429 2034 0 0
430 2038 0 0
431 2079 0 0
432 2114 0 0
433 2073 0 0
434 1998 0 0
435 1964 0 0
436 2045 0 0
437 2030 0 0
438 1967 0 0
439 1993 0 0
440 2091 0 0
441 2025 0 0
442 2036 0 0
443 2063 0 0
444 2006 0 0
445 1996 0 0
446 1979 0 0
447 1985 0 0
448 1985 0 0
449 1906 0 0
450 2009 0 0
451 1976 0 0
452 1927 0 0
453 1952 0 0
454 2015 0 0
455 2017 0 0
456 1930 0 0
457 1922 0 0
458 1899 0 0
459 1947 0 0
460 1877 0 0
461 1922 0 0
462 1847 0 0
463 1840 0 0
464 1836 0 0
465 1945 0 0
466 1853 0 0
467 1855 0 0
468 1902 0 0
469 1805 0 0
470 1786 0 0
471 1834 0 0
472 1761 0 0
473 1852 0 0
474 1890 0 0
475 1764 0 0
476 1761 0 0
477 1731 0 0
478 1810 0 0
479 1788 0 0
480 1744 0 0
481 1783 0 0
482 1804 0 0
483 1790 0 0
484 1733 0 0
485 1690 0 0
486 1742 0 0
487 1758 0 0
488 1760 0 0
489 1666 0 0
490 1737 0 0
491 1711 0 0
492 1717 0 0
493 1739 0 0
494 1706 0 0
495 1711 0 0
496 1742 0 0
497 1711 0 0
498 1715 0 0
499 1728 0 0
500 1707 0 0
501 1682 0 0
502 1763 0 0
503 1675 0 0
504 1725 0 0
505 1756 0 0
506 1599 0 0
507 1660 0 0
508 1662 0 0
509 1647 0 0
510 1705 0 0
511 1617 0 0
512 1722 0 0
513 1624 0 0
514 1611 0 0
515 1585 0 0
516 1631 0 0
517 1637 0 0
518 1634 0 0
519 1639 0 0
520 1694 0 0
521 1594 0 0
522 1632 0 0
523 1591 0 0
524 1605 0 0
525 1568 0 0
526 1551 0 0
527 1563 0 0
528 1590 0 0
529 1596 0 0
530 1562 0 0
531 1524 0 0
532 1527 0 0
533 1539 0 0
534 1579 0 0
535 1609 0 0
536 1587 0 0
537 1537 0 0
538 1566 0 0
539 1579 0 0
540 1511 0 0
541 1531 0 0
542 1522 0 0
543 1504 0 0
544 1549 0 0
545 1628 0 0
546 1514 0 0
547 1545 0 0
548 1525 0 0
549 1465 0 0
550 1454 0 0
551 1523 0 0
552 1462 0 0
553 1528 0 0
554 1526 0 0
555 1505 0 0
556 1492 0 0
557 1466 0 0
558 1498 0 0
559 1486 0 0
560 1525 0 0
561 1497 0 0
562 1470 0 0
563 1512 0 0
564 1507 0 0
565 1449 0 0
566 1464 0 0
567 1463 0 0
568 1549 0 0
569 1452 0 0
570 1447 0 0
571 1461 0 0
572 1447 0 0
573 1444 0 0
574 1418 0 0
575 1418 0 0
576 1495 0 0
577 1495 0 0
578 1414 0 0
579 1414 0 0
580 1457 0 0
581 1440 0 0
582 1411 0 0
583 1387 0 0
584 1401 0 0
585 1372 0 0
586 1497 0 0
587 1415 0 0
588 1415 0 0
589 1397 0 0
590 1412 0 0
591 1438 0 0
592 1415 0 0
593 1268 0 0
594 1370 0 0
595 1426 0 0
596 1354 0 0
597 1395 0 0
598 1369 0 0
599 1421 0 0
600 1372 0 0
601 1347 0 0
602 1349 0 0
603 1388 0 0
604 1418 0 0
605 1389 0 0
606 1249 0 0
607 1331 0 0
608 1324 0 0
609 1372 0 0
610 1353 0 0
611 1370 0 0
612 1359 0 0
613 1350 0 0
614 1373 0 0
615 1364 0 0
616 1367 0 0
617 1349 0 0
618 1389 0 0
619 1388 0 0
620 1351 0 0
621 1400 0 0
622 1465 0 0
623 1361 0 0
624 1290 0 0
625 1363 0 0
626 1300 0 0
627 1402 0 0
628 1375 0 0
629 1330 0 0
630 1380 0 0
631 1312 0 0
632 1382 0 0
633 1307 0 0
634 1352 0 0
635 1342 0 0
636 1357 0 0
637 1335 0 0
638 1340 0 0
639 1356 0 0
640 1369 0 0
641 1301 0 0
642 1411 0 0
643 1300 0 0
644 1323 0 0
645 1342 0 0
646 1348 0 0
647 1329 0 0
648 1417 0 0
649 1368 0 0
650 1353 0 0
651 1306 0 0
652 1330 0 0
653 1356 0 0
654 1340 0 0
655 1335 0 0
656 1309 0 0
657 1377 0 0
658 1331 0 0
659 1241 0 0
660 1293 0 0
661 1422 0 0
662 1361 0 0
663 1306 0 0
664 1309 0 0
665 1315 0 0
666 1312 0 0
667 1399 0 0
668 1322 0 0
669 1331 0 0
670 1284 0 0
671 1324 0 0
672 1315 0 0
673 1318 0 0
674 1308 0 0
675 1297 0 0
676 1291 0 0
677 1258 0 0
678 1324 0 0
679 1366 0 0
680 1315 0 0
681 1279 0 0
682 1337 0 0
683 1326 0 0
684 1321 0 0
685 1290 0 0
686 1304 0 0
687 1309 0 0
688 1334 0 0
689 1274 0 0
690 1263 0 0
691 1280 0 0
692 1241 0 0
693 1234 0 0
694 1283 0 0
695 1270 0 0
696 1300 0 0
697 1292 0 0
698 1322 0 0
699 1305 0 0
700 1307 0 0
701 1286 0 0
702 1281 0 0
703 1228 0 0
704 1319 0 0
705 1238 0 0
706 1284 0 0
707 1306 0 0
708 1338 0 0
709 1333 0 0
710 1272 0 0
711 1247 0 0
712 1248 0 0
713 1321 0 0
714 1293 0 0
715 1315 0 0
716 1247 0 0
717 1291 0 0
718 1261 0 0
719 1288 0 0
720 1234 0 0
721 1275 0 0
722 1239 0 0
723 1276 0 0
724 1272 0 0
725 1264 0 0
726 1280 0 0
727 1196 0 0
728 1266 0 0
729 1272 0 0
730 1290 0 0
731 1224 0 0
732 1217 0 0
733 1220 0 0
734 1215 0 0
735 1242 0 0
736 1246 0 0
737 1268 0 0
738 1237 0 0
739 1238 0 0
740 1242 0 0
741 1269 0 0
742 1257 0 0
743 1290 0 0
744 1249 0 0
745 1203 0 0
746 1256 0 0
747 1247 0 0
748 1208 0 0
749 1224 0 0
750 1266 0 0
751 1279 0 0
752 1246 0 0
753 1231 0 0
754 1214 0 0
755 1194 0 0
756 1241 0 0
757 1217 0 0
758 1221 0 0
759 1240 0 0
760 1251 0 0
761 1262 0 0
762 1259 0 0
763 1256 0 0
764 1261 0 0
765 1274 0 0
766 1252 0 0
767 1234 0 0
768 1227 0 0
769 1205 0 0
770 1223 0 0
771 1237 0 0
772 1197 0 0
773 1261 0 0
774 1284 0 0
775 1227 0 0
776 1301 0 0
777 1227 0 0
778 1242 0 0
779 1263 0 0
780 1192 0 0
781 1214 0 0
782 1220 0 0
783 1208 0 0
784 1265 0 0
785 1207 0 0
786 1261 0 0
787 1196 0 0
788 1186 0 0
789 1272 0 0
790 1244 0 0
791 1233 0 0
792 1192 0 0
793 1219 0 0
794 1243 0 0
795 1247 0 0
796 1187 0 0
797 1240 0 0
798 1224 0 0
799 1188 0 0
800 1286 0 0
801 1162 0 0
802 1208 0 0
803 1221 0 0
804 1211 0 0
805 1231 0 0
806 1184 0 0
807 1223 0 0
808 1230 0 0
809 1188 0 0
810 1197 0 0
811 1251 0 0
812 1213 0 0
813 1248 0 0
814 1230 0 0
815 1173 0 0
816 1242 0 0
817 1211 0 0
818 1147 0 0
819 1218 0 0
820 1199 0 0
821 1276 0 0
822 1201 0 0
823 1207 0 0
824 1236 0 0
825 1189 0 0
826 1213 0 0
827 1191 0 0
828 1168 0 0
829 1205 0 0
830 1224 0 0
831 1225 0 0
832 1177 0 0
833 1232 0 0
834 1121 0 0
835 1228 0 0
836 1178 0 0
837 1165 0 0
838 1169 0 0
839 1233 0 0
840 1206 0 0
841 1179 0 0
842 1191 0 0
843 1222 0 0
844 1159 0 0
845 1209 0 0
846 1186 0 0
847 1110 0 0
848 1186 0 0
849 1222 0 0
850 1106 0 0
851 1159 0 0
852 1153 0 0
853 1206 0 0
854 1211 0 0
855 1117 0 0
856 1163 0 0
857 1168 0 0
858 1153 0 0
859 1222 0 0
860 1197 0 0
861 1236 0 0
862 1193 0 0
863 1178 0 0
864 1207 0 0
865 1131 0 0
866 1163 0 0
867 1223 0 0
868 1198 0 0
869 1201 0 0
870 1124 0 0
871 1193 0 0
872 1224 0 0
873 1166 0 0
874 1173 0 0
875 1219 0 0
876 1232 0 0
877 1214 0 0
878 1184 0 0
879 1224 0 0
880 1191 0 0
881 1169 0 0
882 1177 0 0
883 1222 0 0
884 1188 0 0
885 1124 0 0
886 1210 0 0
887 1228 0 0
888 1203 0 0
889 1187 0 0
890 1218 0 0
891 1179 0 0
892 1252 0 0
893 1154 0 0
894 1153 0 0
895 1239 0 0
896 1121 0 0
897 1231 0 0
898 1194 0 0
899 1213 0 0
900 1228 0 0
901 1237 0 0
902 1259 0 0
903 1299 0 0
904 1238 0 0
905 1211 0 0
906 1191 0 0
907 1198 0 0
908 1246 0 0
909 1132 0 0
910 1123 0 0
911 1187 0 0
912 1129 0 0
913 1260 0 0
914 1265 0 0
915 1203 0 0
916 1260 0 0
917 1247 0 0
918 1250 0 0
919 1209 0 0
920 1180 0 0
921 1227 0 0
922 1227 0 0
923 1219 0 0
924 1226 0 0
925 1187 0 0
926 1191 0 0
927 1173 0 0
928 1216 0 0
929 1165 0 0
930 1209 0 0
931 1190 0 0
932 1200 0 0
933 1158 0 0
934 1276 0 0
935 1096 0 0
936 1238 0 0
937 1258 0 0
938 1201 0 0
939 1233 0 0
940 1203 0 0
941 1265 0 0
942 1206 0 0
943 1132 0 0
944 1185 0 0
945 1165 0 0
946 1154 0 0
947 1230 0 0
948 1264 0 0
949 1264 0 0
950 1202 0 0
951 1195 0 0
952 1266 0 0
953 1211 0 0
954 1242 0 0
955 1307 0 0
956 1211 0 0
957 1185 0 0
958 1257 0 0
959 1165 0 0
960 1219 0 0
961 1240 0 0
962 1171 0 0
963 1133 0 0
964 1267 0 0
965 1339 0 0
966 1314 0 0
967 1217 0 0
968 1238 0 0
969 1232 0 0
970 1184 0 0
971 1204 0 0
972 1183 0 0
973 1235 0 0
974 1155 0 0
975 1216 0 0
976 1226 0 0
977 1235 0 0
978 1135 0 0
979 1189 0 0
980 1156 0 0
981 1174 0 0
982 1225 0 0
983 1198 0 0
984 1240 0 0
985 1196 0 0
986 1161 0 0
987 1242 0 0
988 1162 0 0
989 1188 0 0
990 1278 0 0
991 1193 0 0
992 1205 0 0
993 1232 0 0
994 1200 0 0
995 1205 0 0
996 1235 0 0
997 1178 0 0
998 1211 0 0
999 1185 0 0
1000 1176 0 0
1001 1157 0 0
1002 1178 0 0
1003 1176 0 0
1004 1174 0 0
1005 1232 0 0
1006 1233 0 0
1007 1149 0 0
1008 1182 0 0
1009 1215 0 0
1010 1195 0 0
1011 1170 0 0
1012 1205 0 0
1013 1144 0 0
1014 1220 0 0
1015 1150 0 0
1016 1161 0 0
1017 1224 0 0
1018 1182 0 0
1019 1167 0 0
1020 1224 0 0
1021 1217 0 0
1022 1203 0 0
1023 1197 0 0
1024 1202 0 0
1025 1192 0 0
1026 1196 0 0
1027 1202 0 0
1028 1190 0 0
1029 1163 0 0
1030 1167 0 0
1031 1216 0 0
1032 1158 0 0
1033 1242 0 0
1034 1175 0 0
1035 1199 0 0
1036 1209 0 0
1037 1137 0 0
1038 1137 0 0
1039 1159 0 0
1040 1224 0 0
1041 1144 0 0
1042 1199 0 0
1043 1194 0 0
1044 1176 0 0
1045 1242 0 0
1046 1225 0 0
1047 1252 0 0
1048 1241 0 0
1049 1230 0 0
1050 1264 0 0
1051 1203 0 0
1052 1176 0 0
1053 1149 0 0
1054 1204 0 0
1055 1159 0 0
1056 1252 0 0
1057 1168 0 0
1058 1219 0 0
1059 1225 0 0
1060 1256 0 0
1061 1147 0 0
1062 1208 0 0
1063 1212 0 0
1064 1254 0 0
1065 1172 0 0
1066 1223 0 0
1067 1234 0 0
1068 1203 0 0
1069 1174 0 0
1070 1255 0 0
1071 1264 0 0
1072 1196 0 0
1073 1202 0 0
1074 1240 0 0
1075 1152 0 0
1076 1275 0 0
1077 1201 0 0
1078 1200 0 0
1079 1167 0 0
1080 1210 0 0
1081 1214 0 0
1082 1227 0 0
1083 1225 0 0
1084 1234 0 0
1085 1211 0 0
1086 1225 0 0
1087 1204 0 0
1088 1223 0 0
1089 1215 0 0
1090 1208 0 0
1091 1163 0 0
1092 1272 0 0
1093 1213 0 0
1094 1166 0 0
1095 1290 0 0
1096 1203 0 0
1097 1219 0 0
1098 1234 0 0
1099 1219 0 0
