#P I Flux Inorm
0 14211 0 0
1 14185 0 0
2 14711 0 0
3 14680 0 0
4 15486 0 0
5 15900 0 0
6 16290 0 0
7 16503 0 0
8 16875 0 0
9 17544 0 0
10 17801 0 0
11 18755 0 0
12 18452 0 0
13 19624 0 0
14 19347 0 0
15 20499 0 0
16 20724 0 0
17 22070 0 0
18 22419 0 0
19 23951 0 0
20 24949 0 0
21 26132 0 0
22 27052 0 0
23 27589 0 0
24 28459 0 0
25 29527 0 0
26 29792 0 0
27 31037 0 0
28 31632 0 0
29 32928 0 0
30 34660 0 0
31 35726 0 0
32 38231 0 0
33 41140 0 0
34 45829 0 0
35 51847 0 0
36 56079 0 0
37 61710 0 0
38 63480 0 0
39 68227 0 0
40 73857 0 0
41 84448 0 0
42 96819 0 0
43 107394 0 0
44 111166 0 0
45 120083 0 0
46 123060 0 0
47 118965 0 0
48 124916 0 0
49 138136 0 0
50 147552 0 0
51 157413 0 0
52 168910 0 0
53 177067 0 0
54 197505 0 0
55 230815 0 0
56 282021 0 0
57 311863 0 0
58 334585 0 0
59 358762 0 0
60 418672 0 0
61 463299 0 0
62 556875 0 0
63 696436 0 0
64 772407 0 0
65 849946 0 0
66 992782 0 0
67 1.16948e+06 0 0
68 1.18775e+06 0 0
69 1.21855e+06 0 0
70 1.41907e+06 0 0
71 1.54682e+06 0 0
72 1.57509e+06 0 0
73 1.53694e+06 0 0
74 1.37588e+06 0 0
75 1.31282e+06 0 0
76 1.16894e+06 0 0
77 1.1079e+06 0 0
78 1.05732e+06 0 0
79 1.07455e+06 0 0
80 1.0366e+06 0 0
81 964906 0 0
82 922038 0 0
83 925277 0 0
84 720372 0 0
85 509313 0 0
86 496618 0 0
87 480815 0 0
88 390723 0 0
89 297101 0 0
90 237218 0 0
91 198810 0 0
92 176021 0 0
93 157159 0 0
94 141401 0 0
95 130243 0 0
96 116621 0 0
97 110671 0 0
98 98829 0 0
99 94502 0 0
100 85781 0 0
101 82827 0 0
102 76235 0 0
103 75682 0 0
104 71095 0 0
105 71714 0 0
106 67673 0 0
107 68872 0 0
108 66342 0 0
109 67224 0 0
110 64347 0 0
111 63672 0 0
112 61777 0 0
113 58408 0 0
114 55407 0 0
115 52060 0 0
116 51256 0 0
117 48007 0 0
118 47224 0 0
119 44059 0 0
120 43630 0 0
121 41578 0 0
122 41760 0 0
123 39014 0 0
124 38255 0 0
125 35776 0 0
126 35913 0 0
127 33821 0 0
128 33413 0 0
129 32070 0 0
130 31618 0 0
131 30466 0 0
132 29821 0 0
133 28567 0 0
134 27661 0 0
135 27115 0 0
136 26056 0 0
137 26010 0 0
138 25070 0 0
139 25057 0 0
140 23892 0 0
141 23652 0 0
142 22596 0 0
143 22253 0 0
144 21383 0 0
145 21356 0 0
146 20170 0 0
147 20544 0 0
148 19569 0 0
149 19685 0 0
150 18751 0 0
151 19279 0 0
152 18812 0 0
153 18735 0 0
154 18299 0 0
155 17885 0 0
156 17581 0 0
157 17570 0 0
158 17677 0 0
159 17320 0 0
160 17505 0 0
161 17349 0 0
162 17630 0 0
163 17187 0 0
164 17351 0 0
165 16652 0 0
166 16889 0 0
167 15967 0 0
168 16813 0 0
169 15749 0 0
170 16271 0 0
171 15544 0 0
172 15867 0 0
173 14879 0 0
174 15117 0 0
175 14567 0 0
176 14655 0 0
177 13990 0 0
178 14164 0 0
179 13846 0 0
180 13553 0 0
181 13758 0 0
182 13298 0 0
183 13628 0 0
184 12989 0 0
185 13286 0 0
186 12775 0 0
187 12977 0 0
188 12216 0 0
189 12533 0 0
190 12161 0 0
191 12400 0 0
192 11948 0 0
193 12011 0 0
194 11773 0 0
195 11785 0 0
196 11420 0 0
197 11436 0 0
198 11444 0 0
199 11319 0 0
200 11049 0 0
201 10891 0 0
202 10863 0 0
203 10472 0 0
204 10411 0 0
205 10180 0 0
206 10039 0 0
207 9732 0 0
208 9808 0 0
209 9094 0 0
210 9525 0 0
211 9096 0 0
212 9139 0 0
213 8685 0 0
214 8931 0 0
215 8531 0 0
216 8517 0 0
217 8423 0 0
218 7953 0 0
219 7962 0 0
220 7839 0 0
221 7717 0 0
222 7582 0 0
223 7427 0 0
224 7238 0 0
225 7292 0 0
226 6923 0 0
227 7000 0 0
228 6639 0 0
229 6410 0 0
230 6352 0 0
231 6486 0 0
232 6309 0 0
233 6495 0 0
234 6094 0 0
235 6150 0 0
236 6045 0 0
237 6205 0 0
238 5957 0 0
239 5911 0 0
240 5712 0 0
241 5550 0 0
242 5629 0 0
243 5638 0 0
244 5484 0 0
245 5612 0 0
246 5499 0 0
247 5364 0 0
248 5531 0 0
249 5443 0 0
250 5321 0 0
251 5165 0 0
252 5186 0 0
253 4991 0 0
254 5138 0 0
255 4879 0 0
256 5100 0 0
257 4860 0 0
258 4846 0 0
259 4785 0 0
260 4709 0 0
261 4604 0 0
262 4542 0 0
263 4627 0 0
264 4458 0 0
265 4450 0 0
266 4358 0 0
267 4353 0 0
268 4160 0 0
269 4349 0 0
270 4103 0 0
271 4198 0 0
272 4064 0 0
273 4108 0 0
274 4055 0 0
275 3997 0 0
276 4000 0 0
277 4056 0 0
278 3959 0 0
279 3930 0 0
280 3880 0 0
281 3921 0 0
282 3833 0 0
283 3853 0 0
284 3825 0 0
285 3758 0 0
286 3693 0 0
287 3723 0 0
288 3740 0 0
289 3585 0 0
290 3647 0 0
291 3415 0 0
292 3718 0 0
293 3454 0 0
294 3577 0 0
295 3416 0 0
296 3404 0 0
297 3499 0 0
298 3448 0 0
299 3374 0 0
300 3395 0 0
301 3250 0 0
302 3414 0 0
303 3253 0 0
304 3311 0 0
305 3325 0 0
306 3287 0 0
307 3191 0 0
308 3278 0 0
309 3218 0 0
310 3259 0 0
311 3156 0 0
312 3158 0 0
313 3078 0 0
314 3178 0 0
315 3175 0 0
316 3133 0 0
317 3153 0 0
318 3123 0 0
319 3130 0 0
320 2984 0 0
321 3156 0 0
322 3196 0 0
323 3148 0 0
324 3029 0 0
325 3118 0 0
326 2824 0 0
327 2991 0 0
328 2879 0 0
329 2900 0 0
330 2987 0 0
331 2949 0 0
332 2844 0 0
333 2752 0 0
334 2843 0 0
335 2866 0 0
336 2747 0 0
337 2720 0 0
338 2672 0 0
339 2819 0 0
340 2807 0 0
341 2744 0 0
342 2699 0 0
343 2636 0 0
344 2663 0 0
345 2631 0 0
346 2645 0 0
347 2553 0 0
348 2656 0 0
349 2613 0 0
350 2667 0 0
351 2590 0 0
352 2699 0 0
353 2517 0 0
354 2603 0 0
355 2521 0 0
356 2550 0 0
357 2584 0 0
358 2459 0 0
359 2528 0 0
360 2500 0 0
361 2460 0 0
362 2467 0 0
363 2385 0 0
364 2413 0 0
365 2425 0 0
366 2434 0 0
367 2515 0 0
368 2358 0 0
369 2368 0 0
370 2369 0 0
371 2397 0 0
372 2395 0 0
373 2413 0 0
374 2400 0 0
375 2386 0 0
376 2283 0 0
377 2323 0 0
378 2299 0 0
379 2307 0 0
380 2243 0 0
381 2188 0 0
382 2269 0 0
383 2281 0 0
384 2293 0 0
385 2297 0 0
386 2220 0 0
387 2248 0 0
388 2198 0 0
389 2216 0 0
390 2146 0 0
391 2167 0 0
392 2175 0 0
393 2205 0 0
394 2099 0 0
395 2198 0 0
396 2137 0 0
397 2126 0 0
398 2101 0 0
399 2164 0 0
400 2105 0 0
401 2154 0 0
402 2081 0 0
403 2185 0 0
404 2075 0 0
405 2062 0 0
406 2120 0 0
407 2106 0 0
408 2120 0 0
409 2075 0 0
410 2065 0 0
411 2057 0 0
412 2046 0 0
413 2057 0 0
414 1992 0 0
415 1966 0 0
416 2006 0 0
417 2008 0 0
418 2012 0 0
419 1957 0 0
420 1850 0 0
421 1923 0 0
422 1905 0 0
423 1949 0 0
424 1943 0 0
425 1855 0 0
426 1848 0 0
427 1896 0 0
428 1843 0 0
429 1951 0 0
430 1828 0 0
431 1868 0 0
432 1862 0 0
433 1875 0 0
434 1925 0 0
435 1889 0 0
436 1906 0 0
437 1819 0 0
438 1841 0 0
439 1930 0 0
440 1885 0 0
441 1770 0 0
442 1832 0 0
443 1916 0 0
444 1855 0 0
445 1794 0 0
446 1841 0 0
447 1865 0 0
448 1806 0 0
449 1811 0 0
450 1809 0 0
451 1842 0 0
452 1799 0 0
453 1825 0 0
454 1828 0 0
455 1793 0 0
456 1840 0 0
457 1800 0 0
458 1734 0 0
459 1820 0 0
460 1704 0 0
461 1764 0 0
462 1756 0 0
463 1752 0 0
464 1779 0 0
465 1793 0 0
466 1736 0 0
467 1800 0 0
468 1643 0 0
469 1682 0 0
470 1745 0 0
471 1739 0 0
472 1702 0 0
473 1647 0 0
474 1748 0 0
475 1605 0 0
476 1615 0 0
477 1648 0 0
478 1651 0 0
479 1574 0 0
480 1663 0 0
481 1624 0 0
482 1655 0 0
483 1631 0 0
484 1701 0 0
485 1628 0 0
486 1599 0 0
487 1621 0 0
488 1650 0 0
489 1633 0 0
490 1606 0 0
491 1694 0 0
492 1588 0 0
493 1616 0 0
494 1699 0 0
495 1657 0 0
496 1677 0 0
497 1586 0 0
498 1580 0 0
499 1613 0 0
500 1637 0 0
501 1614 0 0
502 1614 0 0
503 1655 0 0
504 1559 0 0
505 1604 0 0
506 1617 0 0
507 1582 0 0
508 1605 0 0
509 1583 0 0
510 1533 0 0
511 1555 0 0
512 1495 0 0
513 1577 0 0
514 1578 0 0
515 1492 0 0
516 1530 0 0
517 1539 0 0
518 1574 0 0
519 1501 0 0
520 1555 0 0
521 1514 0 0
522 1519 0 0
523 1571 0 0
524 1504 0 0
525 1555 0 0
526 1574 0 0
527 1521 0 0
528 1501 0 0
529 1476 0 0
530 1488 0 0
531 1502 0 0
532 1519 0 0
533 1526 0 0
534 1546 0 0
535 1530 0 0
536 1496 0 0
537 1459 0 0
538 1466 0 0
539 1465 0 0
540 1415 0 0
541 1422 0 0
542 1441 0 0
543 1507 0 0
544 1558 0 0
545 1516 0 0
546 1482 0 0
547 1459 0 0
548 1423 0 0
549 1470 0 0
550 1531 0 0
551 1455 0 0
552 1450 0 0
553 1429 0 0
554 1449 0 0
555 1444 0 0
556 1445 0 0
557 1458 0 0
558 1408 0 0
559 1459 0 0
560 1452 0 0
561 1401 0 0
562 1459 0 0
563 1474 0 0
564 1406 0 0
565 1440 0 0
566 1383 0 0
567 1358 0 0
568 1476 0 0
569 1387 0 0
570 1345 0 0
571 1448 0 0
572 1404 0 0
573 1374 0 0
574 1412 0 0
575 1355 0 0
576 1351 0 0
577 1387 0 0
578 1417 0 0
579 1413 0 0
580 1360 0 0
581 1369 0 0
582 1376 0 0
583 1373 0 0
584 1356 0 0
585 1415 0 0
586 1324 0 0
587 1382 0 0
588 1247 0 0
589 1359 0 0
590 1364 0 0
591 1411 0 0
592 1434 0 0
593 1319 0 0
594 1332 0 0
595 1422 0 0
596 1300 0 0
597 1420 0 0
598 1362 0 0
599 1378 0 0
600 1389 0 0
601 1371 0 0
602 1391 0 0
603 1300 0 0
604 1372 0 0
605 1315 0 0
606 1324 0 0
607 1382 0 0
608 1365 0 0
609 1389 0 0
610 1254 0 0
611 1347 0 0
612 1382 0 0
613 1334 0 0
614 1343 0 0
615 1356 0 0
616 1302 0 0
617 1335 0 0
618 1346 0 0
619 1346 0 0
620 1331 0 0
621 1338 0 0
622 1303 0 0
623 1344 0 0
624 1350 0 0
625 1346 0 0
626 1349 0 0
627 1258 0 0
628 1350 0 0
629 1353 0 0
630 1299 0 0
631 1277 0 0
632 1312 0 0
633 1326 0 0
634 1337 0 0
635 1291 0 0
636 1260 0 0
637 1375 0 0
638 1344 0 0
639 1367 0 0
640 1363 0 0
641 1258 0 0
642 1323 0 0
643 1281 0 0
644 1290 0 0
645 1318 0 0
646 1343 0 0
647 1275 0 0
648 1338 0 0
649 1290 0 0
650 1265 0 0
651 1305 0 0
652 1296 0 0
653 1240 0 0
654 1283 0 0
655 1331 0 0
656 1255 0 0
657 1324 0 0
658 1268 0 0
659 1339 0 0
660 1357 0 0
661 1292 0 0
662 1289 0 0
663 1276 0 0
664 1242 0 0
665 1273 0 0
666 1261 0 0
667 1371 0 0
668 1298 0 0
669 1294 0 0
670 1251 0 0
671 1306 0 0
672 1286 0 0
673 1339 0 0
674 1289 0 0
675 1273 0 0
676 1230 0 0
677 1287 0 0
678 1218 0 0
679 1289 0 0
680 1292 0 0
681 1244 0 0
682 1281 0 0
683 1238 0 0
684 1234 0 0
685 1181 0 0
686 1246 0 0
687 1256 0 0
688 1302 0 0
689 1248 0 0
690 1296 0 0
691 1235 0 0
692 1251 0 0
693 1228 0 0
694 1293 0 0
695 1256 0 0
696 1256 0 0
697 1330 0 0
698 1298 0 0
699 1260 0 0
700 1258 0 0
701 1220 0 0
702 1197 0 0
703 1249 0 0
704 1296 0 0
705 1225 0 0
706 1258 0 0
707 1246 0 0
708 1228 0 0
709 1214 0 0
710 1235 0 0
711 1218 0 0
712 1231 0 0
713 1247 0 0
714 1264 0 0
715 1188 0 0
716 1228 0 0
717 1302 0 0
718 1248 0 0
719 1230 0 0
720 1278 0 0
721 1227 0 0
722 1219 0 0
723 1236 0 0
724 1202 0 0
725 1264 0 0
726 1180 0 0
727 1202 0 0
728 1252 0 0
729 1230 0 0
730 1265 0 0
731 1227 0 0
732 1230 0 0
733 1234 0 0
734 1300 0 0
735 1178 0 0
736 1299 0 0
737 1198 0 0
738 1238 0 0
739 1234 0 0
740 1244 0 0
741 1221 0 0
742 1231 0 0
743 1224 0 0
744 1164 0 0
745 1263 0 0
746 1189 0 0
747 1189 0 0
748 1253 0 0
749 1169 0 0
750 1246 0 0
751 1330 0 0
752 1199 0 0
753 1194 0 0
754 1258 0 0
755 1219 0 0
756 1200 0 0
757 1238 0 0
758 1263 0 0
759 1195 0 0
760 1255 0 0
761 1194 0 0
762 1256 0 0
763 1139 0 0
764 1286 0 0
765 1164 0 0
766 1236 0 0
767 1273 0 0
768 1210 0 0
769 1204 0 0
770 1250 0 0
771 1163 0 0
772 1225 0 0
773 1201 0 0
774 1229 0 0
775 1212 0 0
776 1269 0 0
777 1282 0 0
778 1286 0 0
779 1235 0 0
780 1240 0 0
781 1265 0 0
782 1226 0 0
783 1209 0 0
784 1189 0 0
785 1178 0 0
786 1293 0 0
787 1261 0 0
788 1285 0 0
789 1256 0 0
790 1292 0 0
791 1248 0 0
792 1207 0 0
793 1206 0 0
794 1222 0 0
795 1220 0 0
796 1242 0 0
797 1259 0 0
798 1275 0 0
799 1265 0 0
800 1259 0 0
801 1308 0 0
802 1169 0 0
803 1230 0 0
804 1231 0 0
805 1232 0 0
806 1206 0 0
807 1190 0 0
808 1251 0 0
809 1226 0 0
810 1219 0 0
811 1230 0 0
812 1246 0 0
813 1141 0 0
814 1192 0 0
815 1213 0 0
816 1229 0 0
817 1232 0 0
818 1252 0 0
819 1203 0 0
820 1190 0 0
821 1248 0 0
822 1260 0 0
823 1229 0 0
824 1174 0 0
825 1188 0 0
826 1214 0 0
827 1228 0 0
828 1250 0 0
829 1194 0 0
830 1231 0 0
831 1177 0 0
832 1190 0 0
833 1219 0 0
834 1175 0 0
835 1188 0 0
836 1163 0 0
837 1180 0 0
838 1149 0 0
839 1195 0 0
840 1151 0 0
841 1151 0 0
842 1206 0 0
843 1172 0 0
844 1205 0 0
845 1203 0 0
846 1256 0 0
847 1167 0 0
848 1166 0 0
849 1174 0 0
850 1183 0 0
851 1201 0 0
852 1165 0 0
853 1228 0 0
854 1213 0 0
855 1166 0 0
856 1172 0 0
857 1133 0 0
858 1224 0 0
859 1254 0 0
860 1131 0 0
861 1171 0 0
862 1172 0 0
863 1224 0 0
864 1122 0 0
865 1203 0 0
866 1202 0 0
867 1177 0 0
868 1150 0 0
869 1196 0 0
870 1156 0 0
871 1128 0 0
872 1128 0 0
873 1209 0 0
874 1232 0 0
875 1137 0 0
876 1115 0 0
877 1112 0 0
878 1166 0 0
879 1187 0 0
880 1144 0 0
881 1136 0 0
882 1157 0 0
883 1221 0 0
884 1182 0 0
885 1261 0 0
886 1187 0 0
887 1191 0 0
888 1198 0 0
889 1175 0 0
890 1188 0 0
891 1104 0 0
892 1221 0 0
893 1175 0 0
894 1222 0 0
895 1197 0 0
896 1167 0 0
897 1135 0 0
898 1254 0 0
899 1181 0 0
900 1152 0 0
901 1258 0 0
902 1191 0 0
903 1224 0 0
904 1208 0 0
905 1190 0 0
906 1135 0 0
907 1224 0 0
908 1163 0 0
909 1193 0 0
910 1156 0 0
911 1238 0 0
912 1225 0 0
913 1171 0 0
914 1186 0 0
915 1127 0 0
916 1191 0 0
917 1148 0 0
918 1215 0 0
919 1209 0 0
920 1201 0 0
921 1199 0 0
922 1147 0 0
923 1219 0 0
924 1177 0 0
925 1116 0 0
926 1168 0 0
927 1191 0 0
928 1177 0 0
929 1203 0 0
930 1186 0 0
931 1233 0 0
932 1423 0 0
933 1207 0 0
934 1253 0 0
935 1192 0 0
936 1189 0 0
937 1207 0 0
938 1207 0 0
939 1162 0 0
940 1196 0 0
941 1144 0 0
942 1184 0 0
943 1188 0 0
944 1205 0 0
945 1215 0 0
946 1174 0 0
947 1182 0 0
948 1169 0 0
949 1250 0 0
950 1200 0 0
951 1216 0 0
952 1194 0 0
953 1219 0 0
954 1249 0 0
955 1193 0 0
956 1272 0 0
957 1187 0 0
958 1284 0 0
959 1226 0 0
960 1162 0 0
961 1194 0 0
962 1134 0 0
963 1196 0 0
964 1248 0 0
965 1350 0 0
966 1215 0 0
967 1214 0 0
968 1188 0 0
969 1163 0 0
970 1190 0 0
971 1198 0 0
972 1164 0 0
973 1204 0 0
974 1272 0 0
975 1199 0 0
976 1135 0 0
977 1232 0 0
978 1238 0 0
979 1254 0 0
980 1212 0 0
981 1163 0 0
982 1196 0 0
983 1229 0 0
984 1204 0 0
985 1252 0 0
986 1203 0 0
987 1240 0 0
988 1231 0 0
989 1159 0 0
990 1231 0 0
991 1218 0 0
992 1163 0 0
993 1195 0 0
994 1224 0 0
995 1225 0 0
996 1179 0 0
997 1173 0 0
998 1154 0 0
999 1239 0 0
1000 1210 0 0
1001 1158 0 0
1002 1223 0 0
1003 1193 0 0
1004 1173 0 0
1005 1246 0 0
1006 1191 0 0
1007 1291 0 0
1008 1259 0 0
1009 1251 0 0
1010 1140 0 0
1011 1182 0 0
1012 1226 0 0
1013 1234 0 0
1014 1171 0 0
1015 1192 0 0
1016 1200 0 0
1017 1247 0 0
1018 1190 0 0
1019 1215 0 0
1020 1233 0 0
1021 1183 0 0
1022 1169 0 0
1023 1317 0 0
1024 1189 0 0
1025 1210 0 0
1026 1240 0 0
1027 1193 0 0
1028 1210 0 0
1029 1210 0 0
1030 1173 0 0
1031 1196 0 0
1032 1243 0 0
1033 1221 0 0
1034 1171 0 0
1035 1223 0 0
1036 1234 0 0
1037 1248 0 0
1038 1216 0 0
1039 1188 0 0
1040 1173 0 0
1041 1221 0 0
1042 1202 0 0
1043 1178 0 0
1044 1270 0 0
1045 1214 0 0
1046 1205 0 0
1047 1212 0 0
1048 1225 0 0
1049 1275 0 0
1050 1265 0 0
1051 1245 0 0
1052 1229 0 0
1053 1171 0 0
1054 1167 0 0
1055 1224 0 0
1056 1180 0 0
1057 1214 0 0
1058 1176 0 0
1059 1259 0 0
1060 1228 0 0
1061 1244 0 0
1062 1244 0 0
1063 1245 0 0
1064 1155 0 0
1065 1184 0 0
1066 1214 0 0
1067 1215 0 0
1068 1215 0 0
1069 1210 0 0
1070 1185 0 0
1071 1250 0 0
1072 1179 0 0
1073 1173 0 0
1074 1209 0 0
1075 1298 0 0
1076 1236 0 0
1077 1209 0 0
1078 1249 0 0
1079 1169 0 0
1080 1200 0 0
1081 1216 0 0
1082 1258 0 0
1083 1205 0 0
1084 1265 0 0
1085 1178 0 0
1086 1166 0 0
1087 1294 0 0
1088 1159 0 0
1089 1222 0 0
1090 1239 0 0
1091 1244 0 0
1092 1194 0 0
1093 1276 0 0
1094 1282 0 0
1095 1211 0 0
1096 1293 0 0
1097 1249 0 0
1098 1168 0 0
1099 1289 0 0
