#P I Flux Inorm
0 16395 0 0
1 17308 0 0
2 17580 0 0
3 17717 0 0
4 18497 0 0
5 18915 0 0
6 19742 0 0
7 20298 0 0
8 20595 0 0
9 21021 0 0
10 22475 0 0
11 23111 0 0
12 24520 0 0
13 25041 0 0
14 25956 0 0
15 25734 0 0
16 26823 0 0
17 28028 0 0
18 29254 0 0
19 32267 0 0
20 33777 0 0
21 38380 0 0
22 40026 0 0
23 44260 0 0
24 46584 0 0
25 52476 0 0
26 56868 0 0
27 65040 0 0
28 68474 0 0
29 70546 0 0
30 75134 0 0
31 73167 0 0
32 73532 0 0
33 70345 0 0
34 68816 0 0
35 60122 0 0
36 58410 0 0
37 57032 0 0
38 58281 0 0
39 58487 0 0
40 59064 0 0
41 60776 0 0
42 61048 0 0
43 64315 0 0
44 69626 0 0
45 73349 0 0
46 75336 0 0
47 83962 0 0
48 94721 0 0
49 108714 0 0
50 132394 0 0
51 161000 0 0
52 197949 0 0
53 246239 0 0
54 292763 0 0
55 323657 0 0
56 346530 0 0
57 346544 0 0
58 385079 0 0
59 395544 0 0
60 421238 0 0
61 451642 0 0
62 481522 0 0
63 502031 0 0
64 516562 0 0
65 594208 0 0
66 685169 0 0
67 888741 0 0
68 1.15136e+06 0 0
69 1.38319e+06 0 0
70 1.44951e+06 0 0
71 1.37318e+06 0 0
72 1.4203e+06 0 0
73 1.68058e+06 0 0
74 2.00195e+06 0 0
75 2.14288e+06 0 0
76 1.83517e+06 0 0
77 1.54115e+06 0 0
78 1.33814e+06 0 0
79 1.00074e+06 0 0
80 692740 0 0
81 467862 0 0
82 370330 0 0
83 296863 0 0
84 258332 0 0
85 228443 0 0
86 187191 0 0
87 148595 0 0
88 134280 0 0
89 128379 0 0
90 126022 0 0
91 132885 0 0
92 142808 0 0
93 159980 0 0
94 158539 0 0
95 144697 0 0
96 144853 0 0
97 138683 0 0
98 126602 0 0
99 106302 0 0
100 96059 0 0
101 87083 0 0
102 84165 0 0
103 80928 0 0
104 79903 0 0
105 72665 0 0
106 67506 0 0
107 62640 0 0
108 59618 0 0
109 53460 0 0
110 49555 0 0
111 44463 0 0
112 42666 0 0
113 38073 0 0
114 37861 0 0
115 33824 0 0
116 33915 0 0
117 31477 0 0
118 31051 0 0
119 29799 0 0
120 29413 0 0
121 29313 0 0
122 27550 0 0
123 28022 0 0
124 25682 0 0
125 26723 0 0
126 24328 0 0
127 25138 0 0
128 23002 0 0
129 23824 0 0
130 22405 0 0
131 22561 0 0
132 21619 0 0
133 21421 0 0
134 20946 0 0
135 20246 0 0
136 20510 0 0
137 19705 0 0
138 19603 0 0
139 18612 0 0
140 19104 0 0
141 17669 0 0
142 17795 0 0
143 16944 0 0
144 17084 0 0
145 16043 0 0
146 16262 0 0
147 15553 0 0
148 15285 0 0
149 14909 0 0
150 14877 0 0
151 14390 0 0
152 14204 0 0
153 14153 0 0
154 13712 0 0
155 13677 0 0
156 13112 0 0
157 13302 0 0
158 12620 0 0
159 12589 0 0
160 11932 0 0
161 12299 0 0
162 11618 0 0
163 11932 0 0
164 11000 0 0
165 11176 0 0
166 10779 0 0
167 10483 0 0
168 10425 0 0
169 9960 0 0
170 10123 0 0
171 9612 0 0
172 9649 0 0
173 9058 0 0
174 9322 0 0
175 8666 0 0
176 8852 0 0
177 8540 0 0
178 8531 0 0
179 8195 0 0
180 8018 0 0
181 7906 0 0
182 7606 0 0
183 7564 0 0
184 7402 0 0
185 7544 0 0
186 7137 0 0
187 7116 0 0
188 6920 0 0
189 6861 0 0
190 6750 0 0
191 6754 0 0
192 6740 0 0
193 6634 0 0
194 6494 0 0
195 6299 0 0
196 6337 0 0
197 6319 0 0
198 6327 0 0
199 6208 0 0
200 6181 0 0
201 5924 0 0
202 6029 0 0
203 5662 0 0
204 5930 0 0
205 5704 0 0
206 5713 0 0
207 5473 0 0
208 5521 0 0
209 5448 0 0
210 5429 0 0
211 5310 0 0
212 5412 0 0
213 5305 0 0
214 5116 0 0
215 5268 0 0
216 4971 0 0
217 4970 0 0
218 4906 0 0
219 4787 0 0
220 4738 0 0
221 4608 0 0
222 4637 0 0
223 4656 0 0
224 4488 0 0
225 4447 0 0
226 4259 0 0
227 4283 0 0
228 4259 0 0
229 4158 0 0
230 4241 0 0
231 4208 0 0
232 4105 0 0
233 4144 0 0
234 4066 0 0
235 4074 0 0
236 4069 0 0
237 3963 0 0
238 3994 0 0
239 3970 0 0
240 3878 0 0
241 3793 0 0
242 3896 0 0
243 3795 0 0
244 3686 0 0
245 3775 0 0
246 3734 0 0
247 3719 0 0
248 3585 0 0
249 3630 0 0
250 3574 0 0
251 3348 0 0
252 3414 0 0
253 3530 0 0
254 3466 0 0
255 3423 0 0
256 3300 0 0
257 3307 0 0
258 3512 0 0
259 3427 0 0
260 3279 0 0
261 3232 0 0
262 3270 0 0
263 3265 0 0
264 3119 0 0
265 3115 0 0
266 3199 0 0
267 3104 0 0
268 3230 0 0
269 3101 0 0
270 3025 0 0
271 3015 0 0
272 3059 0 0
273 3062 0 0
274 3007 0 0
275 3067 0 0
276 2943 0 0
277 2926 0 0
278 2932 0 0
279 2896 0 0
280 2807 0 0
281 2881 0 0
282 2838 0 0
283 2903 0 0
284 2822 0 0
285 2784 0 0
286 2720 0 0
287 2788 0 0
288 2842 0 0
289 2673 0 0
290 2703 0 0
291 2690 0 0
292 2752 0 0
293 2809 0 0
294 2756 0 0
295 2724 0 0
296 2684 0 0
297 2608 0 0
298 2711 0 0
299 2566 0 0
300 2558 0 0
301 2617 0 0
302 2596 0 0
303 2590 0 0
304 2533 0 0
305 2446 0 0
306 2515 0 0
307 2506 0 0
308 2503 0 0
309 2428 0 0
310 2352 0 0
311 2414 0 0
312 2352 0 0
313 2454 0 0
314 2452 0 0
315 2364 0 0
316 2448 0 0
317 2398 0 0
318 2369 0 0
319 2268 0 0
320 2389 0 0
321 2361 0 0
322 2308 0 0
323 2227 0 0
324 2318 0 0
325 2239 0 0
326 2273 0 0
327 2318 0 0
328 2318 0 0
329 2204 0 0
330 2275 0 0
331 2180 0 0
332 2148 0 0
333 2214 0 0
334 2183 0 0
335 2178 0 0
336 2230 0 0
337 2105 0 0
338 2083 0 0
339 2090 0 0
340 2096 0 0
341 2131 0 0
342 2172 0 0
343 2057 0 0
344 2036 0 0
345 2153 0 0
346 2079 0 0
347 2047 0 0
348 2026 0 0
349 2098 0 0
350 2040 0 0
351 2034 0 0
352 2046 0 0
353 1949 0 0
354 2001 0 0
355 1979 0 0
356 2067 0 0
357 1973 0 0
358 1968 0 0
359 1900 0 0
360 1918 0 0
361 1906 0 0
362 1883 0 0
363 1917 0 0
364 1936 0 0
365 1869 0 0
366 1980 0 0
367 1900 0 0
368 1953 0 0
369 1890 0 0
370 1920 0 0
371 1904 0 0
372 1973 0 0
373 1899 0 0
374 1888 0 0
375 1901 0 0
376 1868 0 0
377 1954 0 0
378 1889 0 0
379 1929 0 0
380 1891 0 0
381 1845 0 0
382 1847 0 0
383 1883 0 0
384 1894 0 0
385 1907 0 0
386 1839 0 0
387 1937 0 0
388 1823 0 0
389 1871 0 0
390 1888 0 0
391 1860 0 0
392 1828 0 0
393 1825 0 0
394 1769 0 0
395 1885 0 0
396 1776 0 0
397 1779 0 0
398 1830 0 0
399 1722 0 0
400 1797 0 0
401 1790 0 0
402 1760 0 0
403 1705 0 0
404 1710 0 0
405 1692 0 0
406 1701 0 0
407 1760 0 0
408 1760 0 0
409 1719 0 0
410 1732 0 0
411 1672 0 0
412 1761 0 0
413 1636 0 0
414 1731 0 0
415 1753 0 0
416 1657 0 0
417 1693 0 0
418 1691 0 0
419 1624 0 0
420 1719 0 0
421 1717 0 0
422 1730 0 0
423 1690 0 0
424 1628 0 0
425 1600 0 0
426 1631 0 0
427 1657 0 0
428 1646 0 0
429 1595 0 0
430 1609 0 0
431 1625 0 0
432 1517 0 0
433 1654 0 0
434 1543 0 0
435 1580 0 0
436 1567 0 0
437 1588 0 0
438 1576 0 0
439 1625 0 0
440 1536 0 0
441 1568 0 0
442 1664 0 0
443 1540 0 0
444 1586 0 0
445 1651 0 0
446 1545 0 0
447 1638 0 0
448 1593 0 0
449 1559 0 0
450 1646 0 0
451 1637 0 0
452 1601 0 0
453 1439 0 0
454 1588 0 0
455 1607 0 0
456 1540 0 0
457 1611 0 0
458 1497 0 0
459 1537 0 0
460 1561 0 0
461 1572 0 0
462 1578 0 0
463 1542 0 0
464 1615 0 0
465 1500 0 0
466 1517 0 0
467 1547 0 0
468 1513 0 0
469 1562 0 0
470 1505 0 0
471 1492 0 0
472 1557 0 0
473 1581 0 0
474 1512 0 0
475 1487 0 0
476 1523 0 0
477 1594 0 0
478 1483 0 0
479 1484 0 0
480 1541 0 0
481 1568 0 0
482 1484 0 0
483 1505 0 0
484 1451 0 0
485 1535 0 0
486 1471 0 0
487 1530 0 0
488 1545 0 0
489 1448 0 0
490 1473 0 0
491 1461 0 0
492 1550 0 0
493 1482 0 0
494 1507 0 0
495 1476 0 0
496 1529 0 0
497 1481 0 0
498 1501 0 0
499 1405 0 0
500 1474 0 0
501 1408 0 0
502 1491 0 0
503 1499 0 0
504 1493 0 0
505 1532 0 0
506 1490 0 0
507 1463 0 0
508 1492 0 0
509 1457 0 0
510 1508 0 0
511 1455 0 0
512 1501 0 0
513 1481 0 0
514 1489 0 0
515 1476 0 0
516 1438 0 0
517 1465 0 0
518 1437 0 0
519 1436 0 0
520 1485 0 0
521 1449 0 0
522 1494 0 0
523 1491 0 0
524 1387 0 0
525 1442 0 0
526 1417 0 0
527 1494 0 0
528 1447 0 0
529 1404 0 0
530 1431 0 0
531 1425 0 0
532 1431 0 0
533 1485 0 0
534 1338 0 0
535 1449 0 0
536 1489 0 0
537 1421 0 0
538 1366 0 0
539 1422 0 0
540 1411 0 0
541 1374 0 0
542 1473 0 0
543 1449 0 0
544 1404 0 0
545 1398 0 0
546 1425 0 0
547 1412 0 0
548 1388 0 0
549 1407 0 0
550 1393 0 0
551 1479 0 0
552 1302 0 0
553 1399 0 0
554 1355 0 0
555 1367 0 0
556 1394 0 0
557 1424 0 0
558 1338 0 0
559 1379 0 0
560 1369 0 0
561 1359 0 0
562 1380 0 0
563 1431 0 0
564 1347 0 0
565 1329 0 0
566 1353 0 0
567 1396 0 0
568 1367 0 0
569 1438 0 0
570 1417 0 0
571 1343 0 0
572 1364 0 0
573 1370 0 0
574 1344 0 0
575 1406 0 0
576 1400 0 0
577 1371 0 0
578 1364 0 0
579 1373 0 0
580 1364 0 0
581 1351 0 0
582 1337 0 0
583 1373 0 0
584 1342 0 0
585 1374 0 0
586 1368 0 0
587 1428 0 0
588 1387 0 0
589 1387 0 0
590 1345 0 0
591 1364 0 0
592 1325 0 0
593 1350 0 0
594 1339 0 0
595 1360 0 0
596 1279 0 0
597 1349 0 0
598 1344 0 0
599 1369 0 0
600 1385 0 0
601 1403 0 0
602 1302 0 0
603 1363 0 0
604 1387 0 0
605 1276 0 0
606 1297 0 0
607 1286 0 0
608 1312 0 0
609 1321 0 0
610 1323 0 0
611 1285 0 0
612 1291 0 0
613 1388 0 0
614 1348 0 0
615 1323 0 0
616 1350 0 0
617 1334 0 0
618 1330 0 0
619 1331 0 0
620 1325 0 0
621 1362 0 0
622 1328 0 0
623 1326 0 0
624 1339 0 0
625 1336 0 0
626 1362 0 0
627 1417 0 0
628 1318 0 0
629 1330 0 0
630 1263 0 0
631 1308 0 0
632 1318 0 0
633 1274 0 0
634 1367 0 0
635 1339 0 0
636 1380 0 0
637 1355 0 0
638 1303 0 0
639 1336 0 0
640 1357 0 0
641 1310 0 0
642 1337 0 0
643 1308 0 0
644 1286 0 0
645 1348 0 0
646 1313 0 0
647 1326 0 0
648 1315 0 0
649 1278 0 0
650 1330 0 0
651 1327 0 0
652 1370 0 0
653 1333 0 0
654 1272 0 0
655 1306 0 0
656 1308 0 0
657 1334 0 0
658 1276 0 0
659 1287 0 0
660 1303 0 0
661 1310 0 0
662 1284 0 0
663 1246 0 0
664 1278 0 0
665 1285 0 0
666 1305 0 0
667 1333 0 0
668 1317 0 0
669 1269 0 0
670 1313 0 0
671 1295 0 0
672 1303 0 0
673 1314 0 0
674 1287 0 0
675 1271 0 0
676 1315 0 0
677 1305 0 0
678 1251 0 0
679 1300 0 0
680 1310 0 0
681 1306 0 0
682 1293 0 0
683 1256 0 0
684 1324 0 0
685 1255 0 0
686 1300 0 0
687 1280 0 0
688 1278 0 0
689 1330 0 0
690 1254 0 0
691 1238 0 0
692 1263 0 0
693 1212 0 0
694 1253 0 0
695 1265 0 0
696 1267 0 0
697 1347 0 0
698 1295 0 0
699 1205 0 0
700 1296 0 0
701 1317 0 0
702 1305 0 0
703 1268 0 0
704 1238 0 0
705 1312 0 0
706 1303 0 0
707 1252 0 0
708 1251 0 0
709 1355 0 0
710 1237 0 0
711 1278 0 0
712 1248 0 0
713 1305 0 0
714 1285 0 0
715 1329 0 0
716 1231 0 0
717 1248 0 0
718 1305 0 0
719 1251 0 0
720 1294 0 0
721 1360 0 0
722 1237 0 0
723 1286 0 0
724 1281 0 0
725 1303 0 0
726 1314 0 0
727 1267 0 0
728 1231 0 0
729 1316 0 0
730 1274 0 0
731 1243 0 0
732 1272 0 0
733 1264 0 0
734 1255 0 0
735 1270 0 0
736 1292 0 0
737 1154 0 0
738 1252 0 0
739 1257 0 0
740 1289 0 0
741 1225 0 0
742 1231 0 0
743 1241 0 0
744 1248 0 0
745 1223 0 0
746 1304 0 0
747 1306 0 0
748 1297 0 0
749 1257 0 0
750 1291 0 0
751 1302 0 0
752 1275 0 0
753 1186 0 0
754 1275 0 0
755 1305 0 0
756 1208 0 0
757 1244 0 0
758 1287 0 0
759 1245 0 0
760 1220 0 0
761 1277 0 0
762 1226 0 0
763 1298 0 0
764 1238 0 0
765 1269 0 0
766 1274 0 0
767 1258 0 0
768 1175 0 0
769 1283 0 0
770 1322 0 0
771 1251 0 0
772 1246 0 0
773 1282 0 0
774 1319 0 0
775 1283 0 0
776 1285 0 0
777 1301 0 0
778 1247 0 0
779 1265 0 0
780 1235 0 0
781 1325 0 0
782 1242 0 0
783 1256 0 0
784 1284 0 0
785 1373 0 0
786 1299 0 0
787 1299 0 0
788 1270 0 0
789 1352 0 0
790 1241 0 0
791 1270 0 0
792 1288 0 0
793 1268 0 0
794 1223 0 0
795 1278 0 0
796 1265 0 0
797 1290 0 0
798 1305 0 0
799 1226 0 0
800 1297 0 0
801 1284 0 0
802 1210 0 0
803 1232 0 0
804 1250 0 0
805 1297 0 0
806 1280 0 0
807 1221 0 0
808 1254 0 0
809 1238 0 0
810 1265 0 0
811 1221 0 0
812 1254 0 0
813 1303 0 0
814 1241 0 0
815 1306 0 0
816 1210 0 0
817 1276 0 0
818 1285 0 0
819 1222 0 0
820 1234 0 0
821 1202 0 0
822 1279 0 0
823 1222 0 0
824 1249 0 0
825 1255 0 0
826 1258 0 0
827 1279 0 0
828 1261 0 0
829 1226 0 0
830 1288 0 0
831 1230 0 0
832 1197 0 0
833 1202 0 0
834 1230 0 0
835 1253 0 0
836 1185 0 0
837 1247 0 0
838 1199 0 0
839 1278 0 0
840 1230 0 0
841 1201 0 0
842 1300 0 0
843 1171 0 0
844 1197 0 0
845 1235 0 0
846 1275 0 0
847 1170 0 0
848 1243 0 0
849 1214 0 0
850 1226 0 0
851 1204 0 0
852 1243 0 0
853 1275 0 0
854 1175 0 0
855 1211 0 0
856 1268 0 0
857 1213 0 0
858 1250 0 0
859 1226 0 0
860 1200 0 0
861 1207 0 0
862 1186 0 0
863 1282 0 0
864 1244 0 0
865 1216 0 0
866 1231 0 0
867 1242 0 0
868 1195 0 0
869 1315 0 0
870 1264 0 0
871 1272 0 0
872 1199 0 0
873 1275 0 0
874 1174 0 0
875 1232 0 0
876 1190 0 0
877 1265 0 0
878 1244 0 0
879 1235 0 0
880 1251 0 0
881 1289 0 0
882 1266 0 0
883 1211 0 0
884 1228 0 0
885 1211 0 0
886 1209 0 0
887 1234 0 0
888 1269 0 0
889 1194 0 0
890 1271 0 0
891 1239 0 0
892 1215 0 0
893 1252 0 0
894 1238 0 0
895 1255 0 0
896 1225 0 0
897 1295 0 0
898 1228 0 0
899 1213 0 0
900 1283 0 0
901 1313 0 0
902 1226 0 0
903 1249 0 0
904 1208 0 0
905 1235 0 0
906 1175 0 0
907 1256 0 0
908 1225 0 0
909 1210 0 0
910 1153 0 0
911 1228 0 0
912 1291 0 0
913 1240 0 0
914 1256 0 0
915 1215 0 0
916 1231 0 0
917 1306 0 0
918 1273 0 0
919 1335 0 0
920 1229 0 0
921 1228 0 0
922 1199 0 0
923 1248 0 0
924 1218 0 0
925 1174 0 0
926 1248 0 0
927 1273 0 0
928 1296 0 0
929 1286 0 0
930 1246 0 0
931 1234 0 0
932 1256 0 0
933 1169 0 0
934 1231 0 0
935 1239 0 0
936 1293 0 0
937 1285 0 0
938 1245 0 0
939 1279 0 0
940 1292 0 0
941 1192 0 0
942 1244 0 0
943 1244 0 0
944 1309 0 0
945 1151 0 0
946 1226 0 0
947 1257 0 0
948 1223 0 0
949 1205 0 0
950 1255 0 0
951 1228 0 0
952 1208 0 0
953 1214 0 0
954 1238 0 0
955 1249 0 0
956 1293 0 0
957 1231 0 0
958 1244 0 0
959 1249 0 0
960 1266 0 0
961 1240 0 0
962 1203 0 0
963 1240 0 0
964 1324 0 0
965 1338 0 0
966 1288 0 0
967 1284 0 0
968 1206 0 0
969 1247 0 0
970 1244 0 0
971 1231 0 0
972 1174 0 0
973 1232 0 0
974 1225 0 0
975 1279 0 0
976 1248 0 0
977 1228 0 0
978 1235 0 0
979 1291 0 0
980 1233 0 0
981 1246 0 0
982 1229 0 0
983 1270 0 0
984 1238 0 0
985 1257 0 0
986 1220 0 0
987 1240 0 0
988 1305 0 0
989 1235 0 0
990 1278 0 0
991 1252 0 0
992 1226 0 0
993 1192 0 0
994 1305 0 0
995 1210 0 0
996 1191 0 0
997 1304 0 0
998 1233 0 0
999 1249 0 0
1000 1242 0 0
1001 1285 0 0
1002 1271 0 0
1003 1255 0 0
1004 1254 0 0
1005 1259 0 0
1006 1250 0 0
1007 1261 0 0
1008 1273 0 0
1009 1257 0 0
1010 1244 0 0
1011 1252 0 0
1012 1230 0 0
1013 1213 0 0
1014 1217 0 0
1015 1225 0 0
1016 1217 0 0
1017 1248 0 0
1018 1203 0 0
1019 1221 0 0
1020 1214 0 0
1021 1295 0 0
1022 1276 0 0
1023 1245 0 0
1024 1218 0 0
1025 1248 0 0
1026 1277 0 0
1027 1285 0 0
1028 1344 0 0
1029 1228 0 0
1030 1245 0 0
1031 1247 0 0
1032 1285 0 0
1033 1221 0 0
1034 1290 0 0
1035 1202 0 0
1036 1213 0 0
1037 1190 0 0
1038 1207 0 0
1039 1220 0 0
1040 1260 0 0
1041 1263 0 0
1042 1216 0 0
1043 1226 0 0
1044 1239 0 0
1045 1271 0 0
1046 1235 0 0
1047 1238 0 0
1048 1254 0 0
1049 1253 0 0
1050 1179 0 0
1051 1228 0 0
1052 1307 0 0
1053 1191 0 0
1054 1312 0 0
1055 1217 0 0
1056 1239 0 0
1057 1297 0 0
1058 1217 0 0
1059 1251 0 0
1060 1226 0 0
1061 1273 0 0
1062 1309 0 0
1063 1212 0 0
1064 1293 0 0
1065 1248 0 0
1066 1251 0 0
1067 1231 0 0
1068 1270 0 0
1069 1295 0 0
1070 1216 0 0
1071 1258 0 0
1072 1226 0 0
1073 1295 0 0
1074 1245 0 0
1075 1292 0 0
1076 1296 0 0
1077 1210 0 0
1078 1265 0 0
1079 1272 0 0
1080 1321 0 0
1081 1263 0 0
1082 1219 0 0
1083 1196 0 0
1084 1236 0 0
1085 1273 0 0
1086 1259 0 0
1087 1258 0 0
1088 1301 0 0
1089 1276 0 0
1090 1257 0 0
1091 1258 0 0
1092 1269 0 0
1093 1246 0 0
1094 1213 0 0
1095 1293 0 0
1096 1272 0 0
1097 1252 0 0
1098 1258 0 0
1099 1222 0 0
