#P I Flux Inorm
0 13389 0 0
1 13543 0 0
2 13831 0 0
3 14284 0 0
4 14521 0 0
5 14688 0 0
6 15299 0 0
7 15407 0 0
8 15798 0 0
9 16464 0 0
10 16820 0 0
11 17027 0 0
12 17501 0 0
13 18242 0 0
14 18515 0 0
15 19099 0 0
16 19322 0 0
17 20293 0 0
18 20714 0 0
19 21791 0 0
20 21927 0 0
21 23486 0 0
22 24302 0 0
23 25447 0 0
24 25823 0 0
25 27492 0 0
26 28410 0 0
27 29360 0 0
28 29805 0 0
29 30552 0 0
30 31127 0 0
31 32283 0 0
32 33603 0 0
33 35652 0 0
34 36846 0 0
35 39164 0 0
36 42006 0 0
37 46810 0 0
38 51357 0 0
39 59096 0 0
40 64129 0 0
41 67585 0 0
42 70046 0 0
43 76956 0 0
44 85028 0 0
45 99172 0 0
46 115305 0 0
47 116665 0 0
48 123224 0 0
49 134920 0 0
50 140172 0 0
51 148048 0 0
52 156227 0 0
53 163082 0 0
54 172388 0 0
55 187482 0 0
56 198486 0 0
57 228338 0 0
58 276841 0 0
59 319390 0 0
60 350734 0 0
61 369419 0 0
62 427464 0 0
63 479329 0 0
64 562383 0 0
65 721257 0 0
66 832616 0 0
67 870223 0 0
68 1.02131e+06 0 0
69 1.26763e+06 0 0
70 1.38509e+06 0 0
71 1.42818e+06 0 0
72 1.66615e+06 0 0
73 1.7625e+06 0 0
74 1.68933e+06 0 0
75 1.55654e+06 0 0
76 1.45024e+06 0 0
77 1.32951e+06 0 0
78 1.1895e+06 0 0
79 1.16719e+06 0 0
80 1.07892e+06 0 0
81 981235 0 0
82 994317 0 0
83 652152 0 0
84 523541 0 0
85 541113 0 0
86 466235 0 0
87 349857 0 0
88 277163 0 0
89 225643 0 0
90 192078 0 0
91 167168 0 0
92 152676 0 0
93 135481 0 0
94 123127 0 0
95 112560 0 0
96 104160 0 0
97 94622 0 0
98 88297 0 0
99 82086 0 0
100 78192 0 0
101 74197 0 0
102 71534 0 0
103 68450 0 0
104 68008 0 0
105 65849 0 0
106 65888 0 0
107 63466 0 0
108 63146 0 0
109 61200 0 0
110 59146 0 0
111 56559 0 0
112 54011 0 0
113 51532 0 0
114 49566 0 0
115 47402 0 0
116 46288 0 0
117 44494 0 0
118 42382 0 0
119 40710 0 0
120 39495 0 0
121 38437 0 0
122 36920 0 0
123 35893 0 0
124 34358 0 0
125 33644 0 0
126 32496 0 0
127 31441 0 0
128 30350 0 0
129 29637 0 0
130 28445 0 0
131 27940 0 0
132 26684 0 0
133 26395 0 0
134 25235 0 0
135 25326 0 0
136 24364 0 0
137 24139 0 0
138 23293 0 0
139 23007 0 0
140 22220 0 0
141 21826 0 0
142 21100 0 0
143 20475 0 0
144 20068 0 0
145 19424 0 0
146 19365 0 0
147 19006 0 0
148 18803 0 0
149 18444 0 0
150 18204 0 0
151 17964 0 0
152 17954 0 0
153 17443 0 0
154 17313 0 0
155 16708 0 0
156 16678 0 0
157 16411 0 0
158 16834 0 0
159 16483 0 0
160 16738 0 0
161 16258 0 0
162 16707 0 0
163 16229 0 0
164 16103 0 0
165 15666 0 0
166 15880 0 0
167 15433 0 0
168 15147 0 0
169 15023 0 0
170 15080 0 0
171 14723 0 0
172 14573 0 0
173 14359 0 0
174 13917 0 0
175 13756 0 0
176 13770 0 0
177 13291 0 0
178 13188 0 0
179 13400 0 0
180 12785 0 0
181 12887 0 0
182 12645 0 0
183 12645 0 0
184 12149 0 0
185 12147 0 0
186 11902 0 0
187 11774 0 0
188 11507 0 0
189 11534 0 0
190 11419 0 0
191 11547 0 0
192 11302 0 0
193 11002 0 0
194 10800 0 0
195 11102 0 0
196 10726 0 0
197 10697 0 0
198 10714 0 0
199 10663 0 0
200 10292 0 0
201 9962 0 0
202 10032 0 0
203 9671 0 0
204 9596 0 0
205 9233 0 0
206 9256 0 0
207 9128 0 0
208 8842 0 0
209 8850 0 0
210 8818 0 0
211 8415 0 0
212 8547 0 0
213 8064 0 0
214 8164 0 0
215 7694 0 0
216 7782 0 0
217 7528 0 0
218 7561 0 0
219 7376 0 0
220 7276 0 0
221 7241 0 0
222 6866 0 0
223 6892 0 0
224 6666 0 0
225 6650 0 0
226 6417 0 0
227 6230 0 0
228 6155 0 0
229 6254 0 0
230 6036 0 0
231 6087 0 0
232 5898 0 0
233 5885 0 0
234 5755 0 0
235 5770 0 0
236 5556 0 0
237 5612 0 0
238 5535 0 0
239 5471 0 0
240 5300 0 0
241 5317 0 0
242 5171 0 0
243 5169 0 0
244 5069 0 0
245 5192 0 0
246 5198 0 0
247 5019 0 0
248 5148 0 0
249 4833 0 0
250 4739 0 0
251 4834 0 0
252 4920 0 0
253 4662 0 0
254 4790 0 0
255 4620 0 0
256 4588 0 0
257 4581 0 0
258 4434 0 0
259 4537 0 0
260 4521 0 0
261 4197 0 0
262 4288 0 0
263 4222 0 0
264 4226 0 0
265 4133 0 0
266 4118 0 0
267 4123 0 0
268 4092 0 0
269 4014 0 0
270 3999 0 0
271 3961 0 0
272 3782 0 0
273 3921 0 0
274 3770 0 0
275 3832 0 0
276 3733 0 0
277 3789 0 0
278 3732 0 0
279 3716 0 0
280 3765 0 0
281 3613 0 0
282 3648 0 0
283 3533 0 0
284 3544 0 0
285 3543 0 0
286 3384 0 0
287 3458 0 0
288 3458 0 0
289 3412 0 0
290 3299 0 0
291 3351 0 0
292 3289 0 0
293 3338 0 0
294 3342 0 0
295 3436 0 0
296 3200 0 0
297 3221 0 0
298 3285 0 0
299 3285 0 0
300 3294 0 0
301 3188 0 0
302 3181 0 0
303 3163 0 0
304 3071 0 0
305 3125 0 0
306 3000 0 0
307 3092 0 0
308 3125 0 0
309 3061 0 0
310 3084 0 0
311 2997 0 0
312 3006 0 0
313 2999 0 0
314 2886 0 0
315 2743 0 0
316 2851 0 0
317 2887 0 0
318 2774 0 0
319 2873 0 0
320 2781 0 0
321 2803 0 0
322 2832 0 0
323 2821 0 0
324 2779 0 0
325 2865 0 0
326 2738 0 0
327 2752 0 0
328 2765 0 0
329 2690 0 0
330 2656 0 0
331 2743 0 0
332 2676 0 0
333 2609 0 0
334 2740 0 0
335 2535 0 0
336 2564 0 0
337 2562 0 0
338 2597 0 0
339 2539 0 0
340 2610 0 0
341 2536 0 0
342 2528 0 0
343 2464 0 0
344 2479 0 0
345 2468 0 0
346 2462 0 0
347 2482 0 0
348 2436 0 0
349 2469 0 0
350 2524 0 0
351 2452 0 0
352 2374 0 0
353 2373 0 0
354 2459 0 0
355 2507 0 0
356 2412 0 0
357 2399 0 0
358 2415 0 0
359 2380 0 0
360 2343 0 0
361 2285 0 0
362 2285 0 0
363 2241 0 0
364 2331 0 0
365 2219 0 0
366 2304 0 0
367 2226 0 0
368 2252 0 0
369 2245 0 0
370 2253 0 0
371 2181 0 0
372 2248 0 0
373 2175 0 0
374 2189 0 0
375 2215 0 0
376 2257 0 0
377 2230 0 0
378 2207 0 0
379 2110 0 0
380 2222 0 0
381 2212 0 0
382 2107 0 0
383 2169 0 0
384 2204 0 0
385 2181 0 0
386 2212 0 0
387 2096 0 0
388 2156 0 0
389 2164 0 0
390 2046 0 0
391 2095 0 0
392 2128 0 0
393 2053 0 0
394 2115 0 0
395 1909 0 0
396 2043 0 0
397 2140 0 0
398 2049 0 0
399 2072 0 0
400 2032 0 0
401 2056 0 0
402 1987 0 0
403 1951 0 0
404 2031 0 0
405 2108 0 0
406 2019 0 0
407 2030 0 0
408 1999 0 0
409 1935 0 0
410 1893 0 0
411 1932 0 0
412 1929 0 0
413 1999 0 0
414 1972 0 0
415 1887 0 0
416 1992 0 0
417 1871 0 0
418 1926 0 0
419 1915 0 0
420 1924 0 0
421 1893 0 0
422 1926 0 0
423 1882 0 0
424 1869 0 0
425 1851 0 0
426 1858 0 0
427 1926 0 0
428 1831 0 0
429 1827 0 0
430 1846 0 0
431 1848 0 0
432 1802 0 0
433 1812 0 0
434 1784 0 0
435 1902 0 0
436 1759 0 0
437 1845 0 0
438 1759 0 0
439 1810 0 0
440 1790 0 0
441 1813 0 0
442 1802 0 0
443 1896 0 0
444 1758 0 0
445 1796 0 0
446 1820 0 0
447 1817 0 0
448 1698 0 0
449 1798 0 0
450 1773 0 0
451 1794 0 0
452 1699 0 0
453 1821 0 0
454 1725 0 0
455 1770 0 0
456 1776 0 0
457 1811 0 0
458 1649 0 0
459 1736 0 0
460 1690 0 0
461 1758 0 0
462 1716 0 0
463 1633 0 0
464 1675 0 0
465 1729 0 0
466 1633 0 0
467 1667 0 0
468 1640 0 0
469 1658 0 0
470 1758 0 0
471 1771 0 0
472 1631 0 0
473 1699 0 0
474 1675 0 0
475 1575 0 0
476 1672 0 0
477 1703 0 0
478 1616 0 0
479 1630 0 0
480 1648 0 0
481 1750 0 0
482 1716 0 0
483 1601 0 0
484 1609 0 0
485 1614 0 0
486 1642 0 0
487 1585 0 0
488 1613 0 0
489 1603 0 0
490 1571 0 0
491 1656 0 0
492 1594 0 0
493 1618 0 0
494 1551 0 0
495 1623 0 0
496 1607 0 0
497 1606 0 0
498 1535 0 0
499 1514 0 0
500 1606 0 0
501 1502 0 0
502 1572 0 0
503 1558 0 0
504 1561 0 0
505 1493 0 0
506 1507 0 0
507 1559 0 0
508 1554 0 0
509 1564 0 0
510 1513 0 0
511 1509 0 0
512 1464 0 0
513 1528 0 0
514 1590 0 0
515 1491 0 0
516 1502 0 0
517 1504 0 0
518 1562 0 0
519 1549 0 0
520 1518 0 0
521 1536 0 0
522 1573 0 0
523 1529 0 0
524 1580 0 0
525 1505 0 0
526 1604 0 0
527 1538 0 0
528 1491 0 0
529 1507 0 0
530 1544 0 0
531 1535 0 0
532 1494 0 0
533 1508 0 0
534 1493 0 0
535 1494 0 0
536 1504 0 0
537 1423 0 0
538 1467 0 0
539 1466 0 0
540 1493 0 0
541 1467 0 0
542 1499 0 0
543 1416 0 0
544 1485 0 0
545 1563 0 0
546 1563 0 0
547 1445 0 0
548 1506 0 0
549 1484 0 0
550 1451 0 0
551 1469 0 0
552 1451 0 0
553 1458 0 0
554 1502 0 0
555 1470 0 0
556 1383 0 0
557 1433 0 0
558 1432 0 0
559 1355 0 0
560 1366 0 0
561 1382 0 0
562 1391 0 0
563 1380 0 0
564 1402 0 0
565 1425 0 0
566 1473 0 0
567 1481 0 0
568 1352 0 0
569 1448 0 0
570 1422 0 0
571 1362 0 0
572 1345 0 0
573 1361 0 0
574 1394 0 0
575 1376 0 0
576 1412 0 0
577 1392 0 0
578 1381 0 0
579 1419 0 0
580 1436 0 0
581 1420 0 0
582 1373 0 0
583 1385 0 0
584 1361 0 0
585 1367 0 0
586 1391 0 0
587 1415 0 0
588 1394 0 0
589 1351 0 0
590 1375 0 0
591 1351 0 0
592 1401 0 0
593 1317 0 0
594 1400 0 0
595 1352 0 0
596 1382 0 0
597 1309 0 0
598 1380 0 0
599 1367 0 0
600 1358 0 0
601 1329 0 0
602 1335 0 0
603 1338 0 0
604 1351 0 0
605 1314 0 0
606 1288 0 0
607 1374 0 0
608 1289 0 0
609 1367 0 0
610 1274 0 0
611 1290 0 0
612 1333 0 0
613 1287 0 0
614 1268 0 0
615 1316 0 0
616 1361 0 0
617 1336 0 0
618 1357 0 0
619 1260 0 0
620 1341 0 0
621 1351 0 0
622 1323 0 0
623 1269 0 0
624 1356 0 0
625 1259 0 0
626 1375 0 0
627 1262 0 0
628 1346 0 0
629 1299 0 0
630 1255 0 0
631 1324 0 0
632 1286 0 0
633 1339 0 0
634 1239 0 0
635 1319 0 0
636 1323 0 0
637 1294 0 0
638 1287 0 0
639 1291 0 0
640 1315 0 0
641 1245 0 0
642 1283 0 0
643 1269 0 0
644 1238 0 0
645 1316 0 0
646 1266 0 0
647 1308 0 0
648 1312 0 0
649 1311 0 0
650 1311 0 0
651 1328 0 0
652 1241 0 0
653 1291 0 0
654 1327 0 0
655 1264 0 0
656 1320 0 0
657 1251 0 0
658 1238 0 0
659 1260 0 0
660 1300 0 0
661 1335 0 0
662 1232 0 0
663 1252 0 0
664 1322 0 0
665 1301 0 0
666 1292 0 0
667 1297 0 0
668 1256 0 0
669 1294 0 0
670 1310 0 0
671 1265 0 0
672 1300 0 0
673 1297 0 0
674 1220 0 0
675 1225 0 0
676 1250 0 0
677 1292 0 0
678 1225 0 0
679 1230 0 0
680 1224 0 0
681 1316 0 0
682 1320 0 0
683 1310 0 0
684 1352 0 0
685 1276 0 0
686 1307 0 0
687 1262 0 0
688 1259 0 0
689 1249 0 0
690 1230 0 0
691 1259 0 0
692 1275 0 0
693 1304 0 0
694 1244 0 0
695 1224 0 0
696 1186 0 0
697 1285 0 0
698 1259 0 0
699 1220 0 0
700 1239 0 0
701 1219 0 0
702 1284 0 0
703 1202 0 0
704 1255 0 0
705 1307 0 0
706 1251 0 0
707 1264 0 0
708 1251 0 0
709 1212 0 0
710 1244 0 0
711 1252 0 0
712 1257 0 0
713 1264 0 0
714 1241 0 0
715 1289 0 0
716 1293 0 0
717 1233 0 0
718 1288 0 0
719 1235 0 0
720 1223 0 0
721 1304 0 0
722 1266 0 0
723 1251 0 0
724 1277 0 0
725 1201 0 0
726 1210 0 0
727 1280 0 0
728 1235 0 0
729 1278 0 0
730 1214 0 0
731 1202 0 0
732 1216 0 0
733 1267 0 0
734 1240 0 0
735 1288 0 0
736 1272 0 0
737 1281 0 0
738 1228 0 0
739 1263 0 0
740 1257 0 0
741 1238 0 0
742 1260 0 0
743 1241 0 0
744 1218 0 0
745 1270 0 0
746 1248 0 0
747 1232 0 0
748 1316 0 0
749 1252 0 0
750 1232 0 0
751 1255 0 0
752 1232 0 0
753 1164 0 0
754 1239 0 0
755 1228 0 0
756 1237 0 0
757 1227 0 0
758 1246 0 0
759 1189 0 0
760 1209 0 0
761 1275 0 0
762 1186 0 0
763 1249 0 0
764 1229 0 0
765 1197 0 0
766 1267 0 0
767 1296 0 0
768 1186 0 0
769 1199 0 0
770 1266 0 0
771 1214 0 0
772 1179 0 0
773 1171 0 0
774 1193 0 0
775 1228 0 0
776 1266 0 0
777 1241 0 0
778 1203 0 0
779 1235 0 0
780 1198 0 0
781 1192 0 0
782 1254 0 0
783 1258 0 0
784 1209 0 0
785 1266 0 0
786 1191 0 0
787 1202 0 0
788 1274 0 0
789 1260 0 0
790 1220 0 0
791 1197 0 0
792 1249 0 0
793 1286 0 0
794 1312 0 0
795 1270 0 0
796 1239 0 0
797 1222 0 0
798 1241 0 0
799 1232 0 0
800 1189 0 0
801 1229 0 0
802 1218 0 0
803 1183 0 0
804 1196 0 0
805 1236 0 0
806 1212 0 0
807 1152 0 0
808 1253 0 0
809 1182 0 0
810 1265 0 0
811 1223 0 0
812 1271 0 0
813 1270 0 0
814 1220 0 0
815 1211 0 0
816 1231 0 0
817 1214 0 0
818 1177 0 0
819 1172 0 0
820 1255 0 0
821 1236 0 0
822 1256 0 0
823 1199 0 0
824 1203 0 0
825 1161 0 0
826 1190 0 0
827 1201 0 0
828 1229 0 0
829 1179 0 0
830 1262 0 0
831 1200 0 0
832 1144 0 0
833 1231 0 0
834 1241 0 0
835 1194 0 0
836 1262 0 0
837 1138 0 0
838 1204 0 0
839 1170 0 0
840 1229 0 0
841 1185 0 0
842 1241 0 0
843 1194 0 0
844 1200 0 0
845 1213 0 0
846 1188 0 0
847 1260 0 0
848 1219 0 0
849 1231 0 0
850 1213 0 0
851 1241 0 0
852 1224 0 0
853 1194 0 0
854 1219 0 0
855 1221 0 0
856 1212 0 0
857 1257 0 0
858 1193 0 0
859 1166 0 0
860 1220 0 0
861 1208 0 0
862 1193 0 0
863 1213 0 0
864 1204 0 0
865 1185 0 0
866 1194 0 0
867 1210 0 0
868 1257 0 0
869 1203 0 0
870 1247 0 0
871 1201 0 0
872 1167 0 0
873 1234 0 0
874 1192 0 0
875 1226 0 0
876 1209 0 0
877 1215 0 0
878 1148 0 0
879 1199 0 0
880 1141 0 0
881 1205 0 0
882 1125 0 0
883 1186 0 0
884 1231 0 0
885 1193 0 0
886 1159 0 0
887 1169 0 0
888 1210 0 0
889 1177 0 0
890 1297 0 0
891 1249 0 0
892 1257 0 0
893 1264 0 0
894 1196 0 0
895 1214 0 0
896 1249 0 0
897 1185 0 0
898 1232 0 0
899 1243 0 0
900 1228 0 0
901 1219 0 0
902 1293 0 0
903 1233 0 0
904 1296 0 0
905 1226 0 0
906 1240 0 0
907 1156 0 0
908 1171 0 0
909 1192 0 0
910 1215 0 0
911 1176 0 0
912 1188 0 0
913 1207 0 0
914 1227 0 0
915 1194 0 0
916 1194 0 0
917 1223 0 0
918 1203 0 0
919 1203 0 0
920 1246 0 0
921 1286 0 0
922 1181 0 0
923 1194 0 0
924 1203 0 0
925 1237 0 0
926 1243 0 0
927 1213 0 0
928 1233 0 0
929 1140 0 0
930 1233 0 0
931 1272 0 0
932 1170 0 0
933 1201 0 0
934 1187 0 0
935 1210 0 0
936 1170 0 0
937 1183 0 0
938 1258 0 0
939 1218 0 0
940 1218 0 0
941 1287 0 0
942 1167 0 0
943 1232 0 0
944 1190 0 0
945 1167 0 0
946 1183 0 0
947 1231 0 0
948 1217 0 0
949 1140 0 0
950 1303 0 0
951 1179 0 0
952 1214 0 0
953 1264 0 0
954 1178 0 0
955 1300 0 0
956 1224 0 0
957 1254 0 0
958 1215 0 0
959 1194 0 0
960 1187 0 0
961 1183 0 0
962 1171 0 0
963 1232 0 0
964 1303 0 0
965 1297 0 0
966 1287 0 0
967 1156 0 0
968 1206 0 0
969 1217 0 0
970 1282 0 0
971 1291 0 0
972 1249 0 0
973 1247 0 0
974 1246 0 0
975 1222 0 0
976 1215 0 0
977 1250 0 0
978 1208 0 0
979 1190 0 0
980 1256 0 0
981 1191 0 0
982 1191 0 0
983 1256 0 0
984 1175 0 0
985 1264 0 0
986 1170 0 0
987 1251 0 0
988 1213 0 0
989 1228 0 0
990 1167 0 0
991 1221 0 0
992 1185 0 0
993 1148 0 0
994 1109 0 0
995 1262 0 0
996 1192 0 0
997 1223 0 0
998 1198 0 0
999 1227 0 0
1000 1268 0 0
1001 1233 0 0
1002 1195 0 0
1003 1208 0 0
1004 1206 0 0
1005 1218 0 0
1006 1296 0 0
1007 1153 0 0
1008 1135 0 0
1009 1217 0 0
1010 1187 0 0
1011 1250 0 0
1012 1212 0 0
1013 1228 0 0
1014 1177 0 0
1015 1225 0 0
1016 1265 0 0
1017 1211 0 0
1018 1228 0 0
1019 1162 0 0
1020 1238 0 0
1021 1202 0 0
1022 1191 0 0
1023 1216 0 0
1024 1276 0 0
1025 1197 0 0
1026 1263 0 0
1027 1208 0 0
1028 1255 0 0
1029 1231 0 0
1030 1288 0 0
1031 1193 0 0
1032 1237 0 0
1033 1247 0 0
1034 1237 0 0
1035 1157 0 0
1036 1211 0 0
1037 1209 0 0
1038 1240 0 0
1039 1253 0 0
1040 1218 0 0
1041 1211 0 0
1042 1245 0 0
1043 1292 0 0
1044 1258 0 0
1045 1191 0 0
1046 1194 0 0
1047 1237 0 0
1048 1211 0 0
1049 1211 0 0
1050 1230 0 0
1051 1273 0 0
1052 1234 0 0
1053 1236 0 0
1054 1199 0 0
1055 1207 0 0
1056 1268 0 0
1057 1241 0 0
1058 1276 0 0
1059 1242 0 0
1060 1254 0 0
1061 1226 0 0
1062 1222 0 0
1063 1270 0 0
1064 1222 0 0
1065 1215 0 0
1066 1281 0 0
1067 1227 0 0
1068 1267 0 0
1069 1301 0 0
1070 1169 0 0
1071 1258 0 0
1072 1230 0 0
1073 1222 0 0
1074 1220 0 0
1075 1234 0 0
1076 1263 0 0
1077 1217 0 0
1078 1235 0 0
1079 1266 0 0
1080 1308 0 0
1081 1193 0 0
1082 1243 0 0
1083 1313 0 0
1084 1241 0 0
1085 1219 0 0
1086 1264 0 0
1087 1265 0 0
1088 1206 0 0
1089 1258 0 0
1090 1242 0 0
1091 1270 0 0
1092 1229 0 0
1093 1212 0 0
1094 1289 0 0
1095 1274 0 0
1096 1213 0 0
1097 1262 0 0
1098 1304 0 0
1099 1279 0 0
