#P I Flux Inorm
0 12151 0 0
1 12299 0 0
2 12472 0 0
3 12592 0 0
4 13109 0 0
5 13629 0 0
6 13907 0 0
7 14144 0 0
8 14569 0 0
9 14617 0 0
10 15388 0 0
11 16028 0 0
12 16137 0 0
13 16471 0 0
14 16779 0 0
15 17237 0 0
16 17549 0 0
17 17984 0 0
18 18666 0 0
19 19461 0 0
20 19494 0 0
21 20274 0 0
22 20992 0 0
23 21969 0 0
24 22598 0 0
25 23623 0 0
26 24859 0 0
27 27399 0 0
28 27273 0 0
29 28315 0 0
30 29593 0 0
31 31151 0 0
32 31978 0 0
33 33106 0 0
34 34149 0 0
35 35623 0 0
36 38509 0 0
37 42261 0 0
38 46396 0 0
39 54870 0 0
40 63130 0 0
41 71625 0 0
42 77586 0 0
43 84890 0 0
44 91729 0 0
45 104723 0 0
46 110260 0 0
47 106159 0 0
48 116772 0 0
49 127198 0 0
50 132380 0 0
51 141239 0 0
52 143220 0 0
53 151037 0 0
54 153473 0 0
55 159495 0 0
56 176648 0 0
57 191098 0 0
58 215805 0 0
59 253425 0 0
60 287809 0 0
61 333049 0 0
62 385769 0 0
63 463037 0 0
64 509273 0 0
65 601258 0 0
66 732812 0 0
67 816916 0 0
68 889138 0 0
69 998769 0 0
70 1.22827e+06 0 0
71 1.40537e+06 0 0
72 1.51819e+06 0 0
73 1.73851e+06 0 0
74 1.83048e+06 0 0
75 1.87768e+06 0 0
76 1.91435e+06 0 0
77 1.58465e+06 0 0
78 1.39201e+06 0 0
79 1.23053e+06 0 0
80 1.03923e+06 0 0
81 1.03278e+06 0 0
82 856020 0 0
83 567456 0 0
84 489289 0 0
85 473443 0 0
86 362090 0 0
87 283497 0 0
88 226966 0 0
89 184060 0 0
90 155234 0 0
91 138565 0 0
92 127550 0 0
93 115711 0 0
94 104085 0 0
95 97357 0 0
96 91083 0 0
97 85306 0 0
98 80613 0 0
99 75599 0 0
100 72064 0 0
101 68693 0 0
102 65962 0 0
103 63702 0 0
104 62413 0 0
105 60622 0 0
106 59420 0 0
107 57091 0 0
108 55574 0 0
109 53162 0 0
110 50023 0 0
111 45948 0 0
112 44415 0 0
113 41946 0 0
114 40466 0 0
115 38498 0 0
116 37342 0 0
117 35849 0 0
118 34468 0 0
119 32691 0 0
120 31792 0 0
121 30662 0 0
122 29916 0 0
123 28611 0 0
124 27600 0 0
125 26545 0 0
126 25897 0 0
127 25046 0 0
128 24910 0 0
129 23835 0 0
130 23679 0 0
131 22563 0 0
132 22192 0 0
133 21887 0 0
134 20675 0 0
135 20667 0 0
136 19918 0 0
137 19175 0 0
138 18796 0 0
139 18288 0 0
140 17991 0 0
141 17481 0 0
142 16971 0 0
143 16448 0 0
144 16037 0 0
145 15452 0 0
146 15286 0 0
147 15236 0 0
148 14953 0 0
149 14457 0 0
150 14342 0 0
151 13825 0 0
152 13671 0 0
153 13632 0 0
154 13294 0 0
155 13197 0 0
156 12839 0 0
157 12829 0 0
158 12685 0 0
159 12553 0 0
160 12355 0 0
161 12442 0 0
162 12199 0 0
163 11950 0 0
164 11705 0 0
165 11818 0 0
166 11470 0 0
167 11405 0 0
168 11163 0 0
169 11042 0 0
170 10890 0 0
171 10748 0 0
172 10509 0 0
173 10272 0 0
174 10066 0 0
175 10129 0 0
176 9860 0 0
177 9788 0 0
178 9672 0 0
179 9433 0 0
180 9303 0 0
181 9352 0 0
182 9141 0 0
183 9015 0 0
184 8781 0 0
185 8545 0 0
186 8577 0 0
187 8558 0 0
188 8577 0 0
189 8394 0 0
190 8304 0 0
191 8273 0 0
192 8281 0 0
193 8021 0 0
194 7994 0 0
195 7975 0 0
196 7785 0 0
197 7642 0 0
198 7648 0 0
199 7594 0 0
200 7377 0 0
201 7356 0 0
202 7033 0 0
203 7238 0 0
204 7082 0 0
205 7095 0 0
206 6939 0 0
207 6828 0 0
208 6784 0 0
209 6467 0 0
210 6602 0 0
211 6460 0 0
212 6376 0 0
213 6094 0 0
214 6269 0 0
215 6082 0 0
216 6040 0 0
217 6110 0 0
218 5924 0 0
219 5863 0 0
220 5830 0 0
221 5775 0 0
222 5554 0 0
223 5450 0 0
224 5542 0 0
225 5382 0 0
226 5297 0 0
227 5238 0 0
228 5120 0 0
229 5244 0 0
230 5066 0 0
231 5034 0 0
232 4926 0 0
233 5194 0 0
234 4952 0 0
235 4985 0 0
236 4959 0 0
237 4867 0 0
238 4592 0 0
239 4727 0 0
240 4644 0 0
241 4661 0 0
242 4578 0 0
243 4675 0 0
244 4524 0 0
245 4415 0 0
246 4545 0 0
247 4508 0 0
248 4303 0 0
249 4244 0 0
250 4313 0 0
251 4462 0 0
252 4221 0 0
253 4364 0 0
254 4191 0 0
255 4145 0 0
256 4021 0 0
257 4069 0 0
258 3934 0 0
259 3952 0 0
260 3986 0 0
261 3955 0 0
262 3841 0 0
263 3894 0 0
264 3816 0 0
265 3809 0 0
266 3721 0 0
267 3690 0 0
268 3739 0 0
269 3702 0 0
270 3606 0 0
271 3567 0 0
272 3665 0 0
273 3542 0 0
274 3564 0 0
275 3482 0 0
276 3474 0 0
277 3500 0 0
278 3483 0 0
279 3397 0 0
280 3379 0 0
281 3309 0 0
282 3441 0 0
283 3387 0 0
284 3310 0 0
285 3249 0 0
286 3198 0 0
287 3334 0 0
288 3211 0 0
289 3257 0 0
290 3169 0 0
291 3231 0 0
292 3039 0 0
293 3039 0 0
294 3164 0 0
295 3164 0 0
296 3090 0 0
297 3067 0 0
298 3173 0 0
299 3114 0 0
300 3101 0 0
301 2967 0 0
302 3057 0 0
303 3010 0 0
304 3051 0 0
305 3046 0 0
306 3092 0 0
307 2947 0 0
308 2907 0 0
309 2977 0 0
310 2926 0 0
311 2891 0 0
312 2922 0 0
313 2936 0 0
314 2845 0 0
315 2828 0 0
316 2952 0 0
317 2887 0 0
318 2731 0 0
319 2810 0 0
320 2785 0 0
321 2835 0 0
322 2842 0 0
323 2791 0 0
324 2832 0 0
325 2750 0 0
326 2741 0 0
327 2745 0 0
328 2713 0 0
329 2807 0 0
330 2751 0 0
331 2765 0 0
332 2799 0 0
333 2746 0 0
334 2708 0 0
335 2633 0 0
336 2694 0 0
337 2654 0 0
338 2578 0 0
339 2609 0 0
340 2589 0 0
341 2548 0 0
342 2517 0 0
343 2475 0 0
344 2514 0 0
345 2621 0 0
346 2360 0 0
347 2568 0 0
348 2525 0 0
349 2473 0 0
350 2521 0 0
351 2497 0 0
352 2510 0 0
353 2514 0 0
354 2451 0 0
355 2424 0 0
356 2337 0 0
357 2405 0 0
358 2471 0 0
359 2412 0 0
360 2403 0 0
361 2380 0 0
362 2318 0 0
363 2282 0 0
364 2315 0 0
365 2284 0 0
366 2307 0 0
367 2271 0 0
368 2364 0 0
369 2265 0 0
370 2275 0 0
371 2304 0 0
372 2217 0 0
373 2236 0 0
374 2259 0 0
375 2175 0 0
376 2187 0 0
377 2193 0 0
378 2258 0 0
379 2143 0 0
380 2281 0 0
381 2195 0 0
382 2257 0 0
383 2161 0 0
384 2219 0 0
385 2283 0 0
386 2226 0 0
387 2127 0 0
388 2163 0 0
389 2176 0 0
390 2077 0 0
391 2075 0 0
392 2168 0 0
393 2121 0 0
394 2131 0 0
395 2084 0 0
396 2129 0 0
397 2072 0 0
398 1962 0 0
399 1995 0 0
400 2072 0 0
401 2012 0 0
402 2009 0 0
403 2038 0 0
404 1942 0 0
405 1942 0 0
406 2031 0 0
407 1980 0 0
408 1980 0 0
409 2080 0 0
410 1934 0 0
411 2073 0 0
412 1977 0 0
413 1973 0 0
414 1926 0 0
415 2024 0 0
416 1875 0 0
417 2038 0 0
418 1974 0 0
419 1988 0 0
420 1904 0 0
421 1896 0 0
422 1973 0 0
423 1881 0 0
424 1871 0 0
425 1917 0 0
426 1818 0 0
427 1878 0 0
428 1902 0 0
429 1917 0 0
430 1818 0 0
431 1781 0 0
432 1828 0 0
433 1805 0 0
434 1837 0 0
435 1859 0 0
436 1815 0 0
437 1828 0 0
438 1882 0 0
439 1870 0 0
440 1940 0 0
441 1798 0 0
442 1800 0 0
443 1813 0 0
444 1827 0 0
445 1831 0 0
446 1824 0 0
447 1872 0 0
448 1785 0 0
449 1793 0 0
450 1829 0 0
451 1796 0 0
452 1805 0 0
453 1749 0 0
454 1748 0 0
455 1700 0 0
456 1769 0 0
457 1768 0 0
458 1767 0 0
459 1709 0 0
460 1730 0 0
461 1679 0 0
462 1718 0 0
463 1712 0 0
464 1614 0 0
465 1672 0 0
466 1696 0 0
467 1667 0 0
468 1644 0 0
469 1741 0 0
470 1677 0 0
471 1703 0 0
472 1617 0 0
473 1763 0 0
474 1651 0 0
475 1652 0 0
476 1575 0 0
477 1600 0 0
478 1640 0 0
479 1610 0 0
480 1614 0 0
481 1643 0 0
482 1632 0 0
483 1651 0 0
484 1642 0 0
485 1650 0 0
486 1622 0 0
487 1575 0 0
488 1597 0 0
489 1576 0 0
490 1628 0 0
491 1536 0 0
492 1605 0 0
493 1589 0 0
494 1585 0 0
495 1605 0 0
496 1593 0 0
497 1600 0 0
498 1605 0 0
499 1597 0 0
500 1575 0 0
501 1516 0 0
502 1666 0 0
503 1615 0 0
504 1611 0 0
505 1610 0 0
506 1507 0 0
507 1601 0 0
508 1574 0 0
509 1559 0 0
510 1663 0 0
511 1653 0 0
512 1551 0 0
513 1550 0 0
514 1606 0 0
515 1596 0 0
516 1572 0 0
517 1553 0 0
518 1434 0 0
519 1568 0 0
520 1506 0 0
521 1530 0 0
522 1511 0 0
523 1557 0 0
524 1481 0 0
525 1458 0 0
526 1479 0 0
527 1537 0 0
528 1618 0 0
529 1577 0 0
530 1480 0 0
531 1528 0 0
532 1482 0 0
533 1461 0 0
534 1453 0 0
535 1533 0 0
536 1448 0 0
537 1543 0 0
538 1452 0 0
539 1463 0 0
540 1467 0 0
541 1439 0 0
542 1509 0 0
543 1411 0 0
544 1422 0 0
545 1447 0 0
546 1488 0 0
547 1446 0 0
548 1469 0 0
549 1499 0 0
550 1438 0 0
551 1404 0 0
552 1393 0 0
553 1452 0 0
554 1433 0 0
555 1444 0 0
556 1428 0 0
557 1392 0 0
558 1455 0 0
559 1410 0 0
560 1416 0 0
561 1368 0 0
562 1376 0 0
563 1441 0 0
564 1370 0 0
565 1400 0 0
566 1383 0 0
567 1416 0 0
568 1437 0 0
569 1350 0 0
570 1425 0 0
571 1441 0 0
572 1396 0 0
573 1408 0 0
574 1407 0 0
575 1336 0 0
576 1359 0 0
577 1343 0 0
578 1388 0 0
579 1380 0 0
580 1354 0 0
581 1405 0 0
582 1424 0 0
583 1375 0 0
584 1405 0 0
585 1371 0 0
586 1385 0 0
587 1396 0 0
588 1349 0 0
589 1372 0 0
590 1361 0 0
591 1321 0 0
592 1385 0 0
593 1369 0 0
594 1347 0 0
595 1313 0 0
596 1327 0 0
597 1363 0 0
598 1348 0 0
599 1367 0 0
600 1423 0 0
601 1452 0 0
602 1309 0 0
603 1380 0 0
604 1347 0 0
605 1315 0 0
606 1371 0 0
607 1310 0 0
608 1359 0 0
609 1280 0 0
610 1284 0 0
611 1373 0 0
612 1378 0 0
613 1298 0 0
614 1310 0 0
615 1361 0 0
616 1353 0 0
617 1248 0 0
618 1280 0 0
619 1319 0 0
620 1328 0 0
621 1297 0 0
622 1365 0 0
623 1352 0 0
624 1269 0 0
625 1278 0 0
626 1341 0 0
627 1347 0 0
628 1257 0 0
629 1345 0 0
630 1274 0 0
631 1294 0 0
632 1328 0 0
633 1299 0 0
634 1281 0 0
635 1326 0 0
636 1377 0 0
637 1303 0 0
638 1311 0 0
639 1313 0 0
640 1274 0 0
641 1298 0 0
642 1276 0 0
643 1304 0 0
644 1313 0 0
645 1331 0 0
646 1268 0 0
647 1319 0 0
648 1331 0 0
649 1339 0 0
650 1292 0 0
651 1293 0 0
652 1327 0 0
653 1310 0 0
654 1323 0 0
655 1336 0 0
656 1316 0 0
657 1275 0 0
658 1320 0 0
659 1315 0 0
660 1295 0 0
661 1301 0 0
662 1293 0 0
663 1290 0 0
664 1233 0 0
665 1253 0 0
666 1241 0 0
667 1372 0 0
668 1276 0 0
669 1305 0 0
670 1284 0 0
671 1238 0 0
672 1277 0 0
673 1219 0 0
674 1284 0 0
675 1379 0 0
676 1278 0 0
677 1321 0 0
678 1193 0 0
679 1314 0 0
680 1314 0 0
681 1220 0 0
682 1239 0 0
683 1303 0 0
684 1244 0 0
685 1241 0 0
686 1286 0 0
687 1276 0 0
688 1311 0 0
689 1318 0 0
690 1188 0 0
691 1276 0 0
692 1238 0 0
693 1303 0 0
694 1237 0 0
695 1208 0 0
696 1309 0 0
697 1245 0 0
698 1243 0 0
699 1246 0 0
700 1283 0 0
701 1278 0 0
702 1197 0 0
703 1267 0 0
704 1238 0 0
705 1204 0 0
706 1274 0 0
707 1214 0 0
708 1203 0 0
709 1216 0 0
710 1204 0 0
711 1199 0 0
712 1248 0 0
713 1266 0 0
714 1269 0 0
715 1290 0 0
716 1231 0 0
717 1255 0 0
718 1235 0 0
719 1199 0 0
720 1177 0 0
721 1295 0 0
722 1256 0 0
723 1221 0 0
724 1348 0 0
725 1257 0 0
726 1240 0 0
727 1217 0 0
728 1238 0 0
729 1298 0 0
730 1358 0 0
731 1259 0 0
732 1236 0 0
733 1200 0 0
734 1241 0 0
735 1260 0 0
736 1156 0 0
737 1262 0 0
738 1241 0 0
739 1194 0 0
740 1212 0 0
741 1230 0 0
742 1247 0 0
743 1275 0 0
744 1197 0 0
745 1257 0 0
746 1271 0 0
747 1235 0 0
748 1248 0 0
749 1193 0 0
750 1194 0 0
751 1262 0 0
752 1281 0 0
753 1251 0 0
754 1181 0 0
755 1197 0 0
756 1266 0 0
757 1298 0 0
758 1176 0 0
759 1193 0 0
760 1221 0 0
761 1208 0 0
762 1254 0 0
763 1238 0 0
764 1145 0 0
765 1198 0 0
766 1176 0 0
767 1223 0 0
768 1232 0 0
769 1193 0 0
770 1184 0 0
771 1168 0 0
772 1223 0 0
773 1161 0 0
774 1256 0 0
775 1227 0 0
776 1215 0 0
777 1251 0 0
778 1178 0 0
779 1282 0 0
780 1217 0 0
781 1162 0 0
782 1192 0 0
783 1287 0 0
784 1229 0 0
785 1227 0 0
786 1266 0 0
787 1234 0 0
788 1239 0 0
789 1257 0 0
790 1252 0 0
791 1276 0 0
792 1231 0 0
793 1258 0 0
794 1275 0 0
795 1283 0 0
796 1290 0 0
797 1273 0 0
798 1268 0 0
799 1318 0 0
800 1217 0 0
801 1229 0 0
802 1228 0 0
803 1194 0 0
804 1238 0 0
805 1157 0 0
806 1264 0 0
807 1163 0 0
808 1192 0 0
809 1173 0 0
810 1271 0 0
811 1234 0 0
812 1189 0 0
813 1148 0 0
814 1200 0 0
815 1253 0 0
816 1200 0 0
817 1155 0 0
818 1225 0 0
819 1209 0 0
820 1238 0 0
821 1164 0 0
822 1185 0 0
823 1168 0 0
824 1199 0 0
825 1266 0 0
826 1197 0 0
827 1200 0 0
828 1193 0 0
829 1174 0 0
830 1289 0 0
831 1189 0 0
832 1213 0 0
833 1176 0 0
834 1202 0 0
835 1164 0 0
836 1169 0 0
837 1189 0 0
838 1203 0 0
839 1234 0 0
840 1191 0 0
841 1252 0 0
842 1172 0 0
843 1205 0 0
844 1260 0 0
845 1188 0 0
846 1248 0 0
847 1217 0 0
848 1240 0 0
849 1232 0 0
850 1177 0 0
851 1241 0 0
852 1207 0 0
853 1251 0 0
854 1224 0 0
855 1200 0 0
856 1194 0 0
857 1151 0 0
858 1156 0 0
859 1226 0 0
860 1135 0 0
861 1208 0 0
862 1178 0 0
863 1162 0 0
864 1169 0 0
865 1199 0 0
866 1164 0 0
867 1148 0 0
868 1230 0 0
869 1252 0 0
870 1151 0 0
871 1153 0 0
872 1158 0 0
873 1130 0 0
874 1224 0 0
875 1215 0 0
876 1147 0 0
877 1198 0 0
878 1222 0 0
879 1194 0 0
880 1217 0 0
881 1192 0 0
882 1166 0 0
883 1197 0 0
884 1206 0 0
885 1208 0 0
886 1213 0 0
887 1261 0 0
888 1173 0 0
889 1157 0 0
890 1218 0 0
891 1207 0 0
892 1192 0 0
893 1294 0 0
894 1211 0 0
895 1253 0 0
896 1207 0 0
897 1174 0 0
898 1245 0 0
899 1278 0 0
900 1296 0 0
901 1205 0 0
902 1322 0 0
903 1320 0 0
904 1261 0 0
905 1245 0 0
906 1221 0 0
907 1141 0 0
908 1243 0 0
909 1206 0 0
910 1236 0 0
911 1233 0 0
912 1179 0 0
913 1240 0 0
914 1186 0 0
915 1208 0 0
916 1235 0 0
917 1225 0 0
918 1217 0 0
919 1218 0 0
920 1267 0 0
921 1163 0 0
922 1232 0 0
923 1231 0 0
924 1195 0 0
925 1226 0 0
926 1245 0 0
927 1214 0 0
928 1219 0 0
929 1213 0 0
930 1228 0 0
931 1221 0 0
932 1201 0 0
933 1188 0 0
934 1191 0 0
935 1198 0 0
936 1191 0 0
937 1195 0 0
938 1257 0 0
939 1159 0 0
940 1200 0 0
941 1198 0 0
942 1219 0 0
943 1217 0 0
944 1171 0 0
945 1232 0 0
946 1278 0 0
947 1238 0 0
948 1192 0 0
949 1156 0 0
950 1253 0 0
951 1276 0 0
952 1191 0 0
953 1246 0 0
954 1258 0 0
955 1227 0 0
956 1310 0 0
957 1208 0 0
958 1229 0 0
959 1221 0 0
960 1228 0 0
961 1219 0 0
962 1182 0 0
963 1176 0 0
964 1202 0 0
965 1295 0 0
966 1300 0 0
967 1171 0 0
968 1266 0 0
969 1181 0 0
970 1239 0 0
971 1216 0 0
972 1183 0 0
973 1198 0 0
974 1158 0 0
975 1272 0 0
976 1192 0 0
977 1240 0 0
978 1155 0 0
979 1247 0 0
980 1212 0 0
981 1237 0 0
982 1154 0 0
983 1129 0 0
984 1204 0 0
985 1245 0 0
986 1182 0 0
987 1178 0 0
988 1236 0 0
989 1214 0 0
990 1224 0 0
991 1225 0 0
992 1278 0 0
993 1243 0 0
994 1224 0 0
995 1250 0 0
996 1192 0 0
997 1246 0 0
998 1222 0 0
999 1279 0 0
1000 1231 0 0
1001 1156 0 0
1002 1175 0 0
1003 1211 0 0
1004 1170 0 0
1005 1244 0 0
1006 1264 0 0
1007 1190 0 0
1008 1196 0 0
1009 1268 0 0
1010 1238 0 0
1011 1192 0 0
1012 1233 0 0
1013 1239 0 0
1014 1232 0 0
1015 1284 0 0
1016 1230 0 0
1017 1308 0 0
1018 1204 0 0
1019 1228 0 0
1020 1262 0 0
1021 1185 0 0
1022 1227 0 0
1023 1230 0 0
1024 1179 0 0
1025 1204 0 0
1026 1203 0 0
1027 1262 0 0
1028 1164 0 0
1029 1320 0 0
1030 1223 0 0
1031 1234 0 0
1032 1203 0 0
1033 1286 0 0
1034 1214 0 0
1035 1258 0 0
1036 1298 0 0
1037 1237 0 0
1038 1172 0 0
1039 1277 0 0
1040 1213 0 0
1041 1239 0 0
1042 1290 0 0
1043 1229 0 0
1044 1185 0 0
1045 1196 0 0
1046 1251 0 0
1047 1255 0 0
1048 1236 0 0
1049 1185 0 0
1050 1236 0 0
1051 1293 0 0
1052 1251 0 0
1053 1178 0 0
1054 1257 0 0
1055 1197 0 0
1056 1184 0 0
1057 1248 0 0
1058 1228 0 0
1059 1244 0 0
1060 1219 0 0
1061 1227 0 0
1062 1225 0 0
1063 1255 0 0
1064 1226 0 0
1065 1247 0 0
1066 1276 0 0
1067 1220 0 0
1068 1251 0 0
1069 1242 0 0
1070 1205 0 0
1071 1227 0 0
1072 1158 0 0
1073 1217 0 0
1074 1197 0 0
1075 1227 0 0
1076 1224 0 0
1077 1272 0 0
1078 1166 0 0
1079 1189 0 0
1080 1282 0 0
1081 1203 0 0
1082 1193 0 0
1083 1245 0 0
1084 1225 0 0
1085 1254 0 0
1086 1189 0 0
1087 1178 0 0
1088 1213 0 0
1089 1214 0 0
1090 1208 0 0
1091 1249 0 0
1092 1171 0 0
1093 1299 0 0
1094 1278 0 0
1095 1212 0 0
1096 1228 0 0
1097 1235 0 0
1098 1202 0 0
1099 1245 0 0
