679.61	-113.08
679.642	-113.08
679.675	-113.08
679.708	-111.08
679.741	-3.08
679.773	-10.08
679.806	7.92
679.839	-0.08
679.871	-13.08
679.904	-19.08
679.937	2.92
679.97	14.92
680.002	-6.08
680.035	8.92
680.068	16.92
680.1	-17.08
680.133	6.92
680.166	6.92
680.198	6.92
680.231	10.92
680.264	0.92
680.296	54.92
680.329	0.92
680.362	-19.08
680.394	28.92
680.427	0.92
680.46	1.92
680.492	21.92
680.525	12.92
680.558	12.92
680.59	10.92
680.623	25.92
680.656	-3.08
680.688	24.92
680.721	9.92
680.753	7.92
680.786	0.92
680.819	5.92
680.851	20.92
680.884	20.92
680.917	12.92
680.949	23.92
680.982	-6.08
681.014	38.92
681.047	18.92
681.08	17.92
681.112	24.92
681.145	9.92
681.177	11.92
681.21	12.92
681.243	7.92
681.275	7.92
681.308	25.92
681.34	40.92
681.373	-3.08
681.405	0.92
681.438	19.92
681.471	25.92
681.503	19.92
681.536	3.92
681.568	-6.08
681.601	24.92
681.633	2.92
681.666	9.92
681.698	5.92
681.731	-2.08
681.764	10.92
681.796	-3.08
681.829	21.92
681.861	2.92
681.894	3.92
681.926	26.92
681.959	23.92
681.991	30.92
682.024	11.92
682.056	-0.08
682.089	17.92
682.121	12.92
682.154	24.92
682.186	3.92
682.219	28.92
682.251	13.92
682.284	45.92
682.316	2.92
682.349	15.92
682.381	17.92
682.414	17.92
682.446	32.92
682.479	23.92
682.511	5.92
682.544	5.92
682.576	-8.08
682.609	18.92
682.641	5.92
682.674	-11.08
682.706	5.92
682.738	12.92
682.771	31.92
682.803	-13.08
682.836	1.92
682.868	7.92
682.901	22.92
682.933	14.92
682.966	-12.08
682.998	4.92
683.03	22.92
683.063	16.92
683.095	12.92
683.128	3.92
683.16	28.92
683.193	12.92
683.225	22.92
683.257	3.92
683.29	27.92
683.322	20.92
683.355	37.92
683.387	10.92
683.419	16.92
683.452	28.92
683.484	9.92
683.517	39.92
683.549	54.92
683.581	18.92
683.614	18.92
683.646	11.92
683.678	26.92
683.711	-7.08
683.743	37.92
683.776	23.92
683.808	29.92
683.84	-13.08
683.873	-10.08
683.905	4.92
683.937	17.92
683.97	2.92
684.002	26.92
684.034	22.92
684.067	30.92
684.099	22.92
684.131	33.92
684.164	16.92
684.196	16.92
684.228	23.92
684.261	11.92
684.293	14.92
684.325	-10.08
684.358	-3.08
684.39	39.92
684.422	3.92
684.455	10.92
684.487	-13.08
684.519	13.92
684.551	17.92
684.584	20.92
684.616	23.92
684.648	10.92
684.681	16.92
684.713	20.92
684.745	32.92
684.777	16.92
684.81	33.92
684.842	45.92
684.874	5.92
684.906	-4.08
684.939	29.92
684.971	17.92
685.003	8.92
685.035	-4.08
685.068	36.92
685.1	56.92
685.132	53.92
685.164	13.92
685.197	22.92
685.229	18.92
685.261	12.92
685.293	5.92
685.326	-9.08
685.358	-11.08
685.39	31.92
685.422	5.92
685.455	20.92
685.487	17.92
685.519	12.92
685.551	4.92
685.583	5.92
685.616	6.92
685.648	25.92
685.68	7.92
685.712	-1.08
685.744	6.92
685.776	3.92
685.809	6.92
685.841	1.92
685.873	-7.08
685.905	-4.08
685.937	8.92
685.97	9.92
686.002	24.92
686.034	30.92
686.066	-1.08
686.098	7.92
686.13	-13.08
686.163	16.92
686.195	32.92
686.227	41.92
686.259	-1.08
686.291	3.92
686.323	5.92
686.355	20.92
686.387	-5.08
686.42	31.92
686.452	-16.08
686.484	10.92
686.516	17.92
686.548	-10.08
686.58	36.92
686.612	-8.08
686.644	8.92
686.677	1.92
686.709	15.92
686.741	-4.08
686.773	25.92
686.805	11.92
686.837	6.92
686.869	2.92
686.901	-5.08
686.933	-4.08
686.965	25.92
686.997	19.92
687.03	18.92
687.062	18.92
687.094	20.92
687.126	12.92
687.158	36.92
687.19	2.92
687.222	20.92
687.254	47.92
687.286	27.92
687.318	23.92
687.35	27.92
687.382	3.92
687.414	15.92
687.446	22.92
687.478	15.92
687.51	20.92
687.542	1.92
687.574	16.92
687.606	26.92
687.638	8.92
687.67	9.92
687.702	-1.08
687.734	30.92
687.766	51.92
687.798	0.92
687.83	15.92
687.862	-3.08
687.894	-5.08
687.926	32.92
687.958	-5.08
687.99	-10.08
688.022	10.92
688.054	-2.08
688.086	16.92
688.118	24.92
688.15	7.92
688.182	31.92
688.214	28.92
688.246	6.92
688.278	0.92
688.31	20.92
688.342	15.92
688.374	9.92
688.406	3.92
688.438	36.92
688.47	43.92
688.502	18.92
688.534	4.92
688.566	5.92
688.598	10.92
688.63	35.92
688.662	-0.08
688.693	13.92
688.725	19.92
688.757	16.92
688.789	31.92
688.821	24.92
688.853	3.92
688.885	22.92
688.917	25.92
688.949	20.92
688.981	16.92
689.013	16.92
689.044	23.92
689.076	19.92
689.108	32.92
689.14	4.92
689.172	22.92
689.204	35.92
689.236	7.92
689.268	-11.08
689.3	31.92
689.331	17.92
689.363	16.92
689.395	-1.08
689.427	27.92
689.459	33.92
689.491	12.92
689.523	9.92
689.554	6.92
689.586	-8.08
689.618	10.92
689.65	4.92
689.682	29.92
689.714	12.92
689.745	24.92
689.777	0.92
689.809	6.92
689.841	21.92
689.873	1.92
689.905	57.92
689.936	9.92
689.968	36.92
690	20.92
690.032	-2.08
690.064	12.92
690.095	11.92
690.127	-17.08
690.159	-2.08
690.191	17.92
690.223	14.92
690.254	17.92
690.286	22.92
690.318	-6.08
690.35	-5.08
690.381	22.92
690.413	-0.08
690.445	7.92
690.477	12.92
690.508	21.92
690.54	23.92
690.572	28.92
690.604	30.92
690.636	12.92
690.667	-6.08
690.699	19.92
690.731	16.92
690.762	20.92
690.794	27.92
690.826	25.92
690.858	19.92
690.889	6.92
690.921	32.92
690.953	22.92
690.985	35.92
691.016	6.92
691.048	49.92
691.08	38.92
691.111	64.92
691.143	35.92
691.175	33.92
691.207	49.92
691.238	52.92
691.27	40.92
691.302	10.92
691.333	5.92
691.365	18.92
691.397	29.92
691.428	51.92
691.46	35.92
691.492	44.92
691.523	22.92
691.555	50.92
691.587	30.92
691.618	58.92
691.65	61.92
691.682	45.92
691.713	36.92
691.745	76.92
691.777	57.92
691.808	39.92
691.84	62.92
691.872	68.92
691.903	75.92
691.935	98.92
691.966	60.92
691.998	81.92
692.03	80.92
692.061	52.92
692.093	94.92
692.125	126.92
692.156	132.92
692.188	136.92
692.219	120.92
692.251	163.92
692.283	153.92
692.314	170.92
692.346	203.92
692.377	225.92
692.409	273.92
692.441	281.92
692.472	351.92
692.504	378.92
692.535	408.92
692.567	442.92
692.598	480.92
692.63	491.92
692.662	528.92
692.693	527.92
692.725	523.92
692.756	569.92
692.788	517.92
692.819	547.92
692.851	519.92
692.882	498.92
692.914	501.92
692.946	539.92
692.977	485.92
693.009	415.92
693.04	401.92
693.072	391.92
693.103	359.92
693.135	349.92
693.166	282.92
693.198	330.92
693.229	320.92
693.261	299.92
693.292	293.92
693.324	278.92
693.355	266.92
693.387	308.92
693.418	245.92
693.45	298.92
693.481	293.92
693.513	283.92
693.544	305.92
693.576	312.92
693.607	318.92
693.639	327.92
693.67	330.92
693.702	363.92
693.733	372.92
693.765	419.92
693.796	437.92
693.827	501.92
693.859	569.92
693.89	615.92
693.922	675.92
693.953	711.92
693.985	747.92
694.016	825.92
694.048	854.92
694.079	911.92
694.111	976.92
694.142	1053.92
694.173	1096.92
694.205	1096.92
694.236	1115.92
694.268	1091.92
694.299	1045.92
694.33	979.92
694.362	883.92
694.393	833.92
694.425	766.92
694.456	766.92
694.487	752.92
694.519	678.92
694.55	623.92
694.582	570.92
694.613	540.92
694.644	521.92
694.676	499.92
694.707	448.92
694.739	406.92
694.77	399.92
694.801	369.92
694.833	333.92
694.864	321.92
694.895	293.92
694.927	250.92
694.958	259.92
694.989	235.92
695.021	233.92
695.052	179.92
695.084	180.92
695.115	177.92
695.146	185.92
695.178	179.92
695.209	204.92
695.24	169.92
695.272	144.92
695.303	124.92
695.334	162.92
695.365	167.92
695.397	151.92
695.428	126.92
695.459	148.92
695.491	139.92
695.522	118.92
695.553	120.92
695.585	143.92
695.616	112.92
695.647	106.92
695.679	104.92
695.71	99.92
695.741	90.92
695.772	92.92
695.804	93.92
695.835	52.92
695.866	58.92
695.897	82.92
695.929	72.92
695.96	90.92
695.991	94.92
696.023	56.92
696.054	49.92
696.085	67.92
696.116	79.92
696.148	94.92
696.179	60.92
696.21	67.92
696.241	58.92
696.272	55.92
696.304	39.92
696.335	58.92
696.366	84.92
696.397	70.92
696.429	70.92
696.46	58.92
696.491	85.92
696.522	52.92
696.553	62.92
696.585	33.92
696.616	45.92
696.647	81.92
696.678	43.92
696.709	52.92
696.741	45.92
696.772	32.92
696.803	68.92
696.834	45.92
696.865	70.92
696.897	47.92
696.928	53.92
696.959	64.92
696.99	49.92
697.021	63.92
697.052	74.92
697.084	73.92
697.115	53.92
697.146	180.92
697.177	81.92
697.208	52.92
697.239	58.92
697.27	64.92
697.302	49.92
697.333	44.92
697.364	40.92
697.395	51.92
697.426	49.92
697.457	57.92
697.488	53.92
697.519	42.92
697.551	51.92
697.582	45.92
697.613	57.92
697.644	62.92
697.675	47.92
697.706	64.92
697.737	56.92
697.768	67.92
697.799	44.92
697.831	40.92
697.862	45.92
697.893	45.92
697.924	18.92
697.955	60.92
697.986	69.92
698.017	53.92
698.048	31.92
698.079	43.92
698.11	44.92
698.141	37.92
698.172	45.92
698.203	44.92
698.234	44.92
698.265	43.92
698.297	56.92
698.328	33.92
698.359	50.92
698.39	53.92
698.421	39.92
698.452	27.92
698.483	76.92
698.514	48.92
698.545	58.92
698.576	45.92
698.607	70.92
698.638	47.92
698.669	51.92
698.7	37.92
698.731	49.92
698.762	49.92
698.793	28.92
698.824	52.92
698.855	48.92
698.886	51.92
698.917	45.92
698.948	34.92
698.979	30.92
699.01	31.92
699.041	45.92
699.072	28.92
699.103	10.92
699.134	34.92
699.165	56.92
699.196	52.92
699.227	37.92
699.258	49.92
699.289	35.92
699.319	28.92
699.35	60.92
699.381	47.92
699.412	38.92
699.443	51.92
699.474	51.92
699.505	60.92
699.536	44.92
699.567	45.92
699.598	41.92
699.629	67.92
699.66	58.92
699.691	55.92
699.722	57.92
699.752	37.92
699.783	36.92
699.814	35.92
699.845	71.92
699.876	59.92
699.907	54.92
699.938	38.92
699.969	54.92
700	41.92
700.031	53.92
700.061	64.92
700.092	47.92
700.123	18.92
700.154	27.92
700.185	70.92
700.216	59.92
700.247	56.92
700.278	40.92
700.308	51.92
700.339	52.92
700.37	50.92
700.401	24.92
700.432	23.92
700.463	40.92
700.493	24.92
700.524	45.92
700.555	46.92
700.586	43.92
700.617	67.92
700.648	65.92
700.678	30.92
700.709	34.92
700.74	43.92
700.771	30.92
700.802	36.92
700.833	50.92
700.863	48.92
700.894	71.92
700.925	7.92
700.956	45.92
700.987	21.92
701.017	45.92
701.048	42.92
701.079	58.92
701.11	60.92
701.14	44.92
701.171	48.92
701.202	53.92
701.233	44.92
701.264	54.92
701.294	40.92
701.325	19.92
701.356	64.92
701.387	51.92
701.417	51.92
701.448	45.92
701.479	49.92
701.51	58.92
701.54	56.92
701.571	77.92
701.602	38.92
701.633	66.92
701.663	50.92
701.694	53.92
701.725	39.92
701.755	45.92
701.786	44.92
701.817	33.92
701.848	33.92
701.878	53.92
701.909	44.92
701.94	43.92
701.97	41.92
702.001	52.92
702.032	41.92
702.063	65.92
702.093	41.92
702.124	44.92
702.155	48.92
702.185	59.92
702.216	64.92
702.247	30.92
702.277	43.92
702.308	53.92
702.339	50.92
702.369	63.92
702.4	36.92
702.431	41.92
702.461	34.92
702.492	43.92
702.523	16.92
702.553	17.92
702.584	49.92
702.615	31.92
702.645	35.92
702.676	34.92
702.706	44.92
702.737	53.92
702.768	43.92
702.798	68.92
702.829	34.92
702.86	34.92
702.89	22.92
702.921	35.92
702.951	44.92
702.982	35.92
703.013	30.92
703.043	60.92
703.074	69.92
703.104	18.92
703.135	33.92
703.166	43.92
703.196	45.92
703.227	68.92
703.257	60.92
703.288	62.92
703.318	70.92
703.349	39.92
703.38	25.92
703.41	39.92
703.441	40.92
703.471	23.92
703.502	24.92
703.532	44.92
703.563	53.92
703.593	53.92
703.624	48.92
703.655	28.92
703.685	50.92
703.716	50.92
703.746	45.92
703.777	50.92
703.807	34.92
703.838	50.92
703.868	42.92
703.899	56.92
703.929	41.92
703.96	72.92
703.99	72.92
704.021	56.92
704.051	63.92
704.082	39.92
704.112	28.92
704.143	56.92
704.173	50.92
704.204	74.92
704.234	72.92
704.265	55.92
704.295	56.92
704.326	46.92
704.356	60.92
704.387	80.92
704.417	68.92
704.448	18.92
704.478	50.92
704.509	51.92
704.539	53.92
704.57	72.92
704.6	50.92
704.63	55.92
704.661	53.92
704.691	58.92
704.722	53.92
704.752	61.92
704.783	59.92
704.813	44.92
704.843	64.92
704.874	63.92
704.904	51.92
704.935	61.92
704.965	33.92
704.996	88.92
705.026	74.92
705.056	38.92
705.087	80.92
705.117	64.92
705.148	101.92
705.178	74.92
705.208	80.92
705.239	63.92
705.269	79.92
705.3	78.92
705.33	52.92
705.36	54.92
705.391	48.92
705.421	47.92
705.451	51.92
705.482	72.92
705.512	76.92
705.543	50.92
705.573	82.92
705.603	89.92
705.634	63.92
705.664	50.92
705.694	34.92
705.725	52.92
705.755	58.92
705.785	56.92
705.816	71.92
705.846	44.92
705.876	41.92
705.907	48.92
705.937	33.92
705.967	52.92
705.998	54.92
706.028	39.92
706.058	56.92
706.089	86.92
706.119	76.92
706.149	63.92
706.179	64.92
706.21	55.92
706.24	67.92
706.27	71.92
706.301	83.92
706.331	58.92
706.361	68.92
706.391	49.92
706.422	58.92
706.452	46.92
706.482	63.92
706.513	64.92
706.543	79.92
706.573	48.92
706.603	71.92
706.634	51.92
706.664	33.92
706.694	47.92
706.724	71.92
706.755	79.92
706.785	45.92
706.815	67.92
706.845	95.92
706.876	87.92
706.906	79.92
706.936	75.92
706.966	80.92
706.996	81.92
707.027	60.92
707.057	64.92
707.087	66.92
707.117	62.92
707.148	59.92
707.178	62.92
707.208	80.92
707.238	46.92
707.268	74.92
707.299	99.92
707.329	81.92
707.359	65.92
707.389	57.92
707.419	75.92
707.449	106.92
707.48	70.92
707.51	55.92
707.54	80.92
707.57	34.92
707.6	56.92
707.63	80.92
707.661	91.92
707.691	87.92
707.721	53.92
707.751	71.92
707.781	82.92
707.811	74.92
707.842	65.92
707.872	35.92
707.902	54.92
707.932	83.92
707.962	70.92
707.992	85.92
708.022	45.92
708.052	89.92
708.083	66.92
708.113	76.92
708.143	93.92
708.173	85.92
708.203	75.92
708.233	50.92
708.263	62.92
708.293	71.92
708.323	68.92
708.353	78.92
708.384	67.92
708.414	94.92
708.444	49.92
708.474	72.92
708.504	62.92
708.534	50.92
708.564	77.92
708.594	77.92
708.624	75.92
708.654	60.92
708.684	56.92
708.714	78.92
708.744	73.92
708.774	63.92
708.804	72.92
708.835	60.92
708.865	89.92
708.895	86.92
708.925	74.92
708.955	50.92
708.985	55.92
709.015	64.92
709.045	62.92
709.075	45.92
709.105	53.92
709.135	82.92
709.165	59.92
709.195	64.92
709.225	81.92
709.255	74.92
709.285	74.92
709.315	35.92
709.345	60.92
709.375	39.92
709.405	36.92
709.435	52.92
709.465	59.92
709.495	44.92
709.525	27.92
709.555	42.92
709.585	91.92
709.615	51.92
709.645	68.92
709.675	63.92
709.705	62.92
709.734	55.92
709.764	59.92
709.794	57.92
709.824	41.92
709.854	23.92
709.884	44.92
709.914	31.92
709.944	52.92
709.974	62.92
710.004	71.92
710.034	57.92
710.064	39.92
710.094	51.92
710.124	33.92
710.154	52.92
710.183	56.92
710.213	44.92
710.243	62.92
710.273	73.92
710.303	65.92
710.333	51.92
710.363	39.92
710.393	51.92
710.423	32.92
710.453	47.92
710.482	70.92
710.512	61.92
710.542	38.92
710.572	55.92
710.602	48.92
710.632	56.92
710.662	54.92
710.692	88.92
710.721	52.92
710.751	57.92
710.781	33.92
710.811	46.92
710.841	29.92
710.871	50.92
710.901	46.92
710.93	41.92
710.96	34.92
710.99	73.92
711.02	42.92
711.05	98.92
711.08	44.92
711.109	82.92
711.139	52.92
711.169	44.92
711.199	56.92
711.229	41.92
711.258	66.92
711.288	51.92
711.318	68.92
711.348	80.92
711.378	57.92
711.407	101.92
711.437	74.92
711.467	33.92
711.497	95.92
711.527	62.92
711.556	82.92
711.586	66.92
711.616	57.92
711.646	59.92
711.675	62.92
711.705	56.92
711.735	43.92
711.765	85.92
711.794	81.92
711.824	86.92
711.854	73.92
711.884	66.92
711.913	66.92
711.943	91.92
711.973	80.92
712.003	93.92
712.032	68.92
712.062	49.92
712.092	58.92
712.122	67.92
712.151	58.92
712.181	70.92
712.211	72.92
712.24	82.92
712.27	97.92
712.3	86.92
712.33	93.92
712.359	93.92
712.389	88.92
712.419	87.92
712.448	98.92
712.478	81.92
712.508	64.92
712.537	113.92
712.567	88.92
712.597	100.92
712.626	94.92
712.656	93.92
712.686	100.92
712.715	119.92
712.745	75.92
712.775	108.92
712.804	101.92
712.834	90.92
712.864	76.92
712.893	94.92
712.923	92.92
712.953	127.92
712.982	115.92
713.012	115.92
713.042	119.92
713.071	89.92
713.101	109.92
713.13	91.92
713.16	104.92
713.19	120.92
713.219	112.92
713.249	111.92
713.278	87.92
713.308	114.92
713.338	91.92
713.367	86.92
713.397	97.92
713.426	144.92
713.456	121.92
713.486	104.92
713.515	101.92
713.545	106.92
713.574	114.92
713.604	82.92
713.634	92.92
713.663	95.92
713.693	81.92
713.722	108.92
713.752	96.92
713.781	108.92
713.811	100.92
713.84	105.92
713.87	101.92
713.9	121.92
713.929	102.92
713.959	97.92
713.988	108.92
714.018	103.92
714.047	111.92
714.077	100.92
714.106	96.92
714.136	102.92
714.165	101.92
714.195	109.92
714.224	98.92
714.254	85.92
714.283	108.92
714.313	106.92
714.342	96.92
714.372	108.92
714.401	113.92
714.431	94.92
714.46	90.92
714.49	105.92
714.519	86.92
714.549	92.92
714.578	115.92
714.608	89.92
714.637	90.92
714.667	108.92
714.696	123.92
714.726	114.92
714.755	87.92
714.785	116.92
714.814	120.92
714.844	99.92
714.873	90.92
714.902	123.92
714.932	104.92
714.961	114.92
714.991	63.92
715.02	82.92
715.05	70.92
715.079	112.92
715.108	63.92
715.138	91.92
715.167	98.92
715.197	105.92
715.226	109.92
715.256	127.92
715.285	87.92
715.314	79.92
715.344	109.92
715.373	116.92
715.403	133.92
715.432	90.92
715.461	77.92
715.491	51.92
715.52	95.92
715.549	150.92
715.579	90.92
715.608	91.92
715.638	100.92
715.667	107.92
715.696	83.92
715.726	100.92
715.755	124.92
715.784	89.92
715.814	130.92
715.843	79.92
715.873	88.92
715.902	97.92
715.931	104.92
715.961	103.92
715.99	84.92
716.019	82.92
716.049	85.92
716.078	72.92
716.107	67.92
716.137	82.92
716.166	87.92
716.195	95.92
716.224	60.92
716.254	91.92
716.283	63.92
716.312	67.92
716.342	104.92
716.371	93.92
716.4	106.92
716.43	84.92
716.459	102.92
716.488	97.92
716.517	81.92
716.547	73.92
716.576	86.92
716.605	86.92
716.635	95.92
716.664	71.92
716.693	95.92
716.722	85.92
716.752	103.92
716.781	97.92
716.81	66.92
716.839	76.92
716.869	96.92
716.898	89.92
716.927	79.92
716.956	75.92
716.986	89.92
717.015	74.92
717.044	57.92
717.073	63.92
717.103	98.92
717.132	96.92
717.161	111.92
717.19	98.92
717.219	102.92
717.249	88.92
717.278	83.92
717.307	100.92
717.336	68.92
717.365	58.92
717.395	86.92
717.424	110.92
717.453	75.92
717.482	74.92
717.511	61.92
717.541	88.92
717.57	51.92
717.599	63.92
717.628	58.92
717.657	91.92
717.686	60.92
717.716	50.92
717.745	58.92
717.774	73.92
717.803	60.92
717.832	58.92
717.861	113.92
717.891	82.92
717.92	95.92
717.949	64.92
717.978	55.92
718.007	87.92
718.036	66.92
718.065	102.92
718.095	64.92
718.124	75.92
718.153	76.92
718.182	80.92
718.211	63.92
718.24	101.92
718.269	79.92
718.298	83.92
718.327	85.92
718.357	96.92
718.386	86.92
718.415	51.92
718.444	96.92
718.473	81.92
718.502	99.92
718.531	79.92
718.56	53.92
718.589	87.92
718.618	65.92
718.647	61.92
718.676	51.92
718.706	101.92
718.735	83.92
718.764	94.92
718.793	66.92
718.822	100.92
718.851	71.92
718.88	50.92
718.909	75.92
718.938	89.92
718.967	60.92
718.996	91.92
719.025	70.92
719.054	63.92
719.083	115.92
719.112	86.92
719.141	89.92
719.17	69.92
719.199	78.92
719.228	82.92
719.257	76.92
719.286	85.92
719.315	67.92
719.344	110.92
719.373	70.92
719.402	71.92
719.431	71.92
719.46	90.92
719.489	65.92
719.518	71.92
719.547	36.92
719.576	78.92
719.605	91.92
719.634	84.92
719.663	96.92
719.692	63.92
719.721	61.92
719.75	79.92
719.779	80.92
719.808	77.92
719.837	91.92
719.866	58.92
719.895	85.92
719.924	88.92
719.953	86.92
719.981	71.92
720.01	96.92
720.039	88.92
720.068	90.92
720.097	65.92
720.126	90.92
720.155	64.92
720.184	79.92
720.213	91.92
720.242	85.92
720.271	72.92
720.3	63.92
720.328	79.92
720.357	89.92
720.386	64.92
720.415	92.92
720.444	72.92
720.473	80.92
720.502	68.92
720.531	39.92
720.56	97.92
720.588	82.92
720.617	64.92
720.646	68.92
720.675	63.92
720.704	80.92
720.733	62.92
720.762	93.92
720.79	72.92
720.819	59.92
720.848	85.92
720.877	52.92
720.906	58.92
720.935	34.92
720.964	70.92
720.992	71.92
721.021	73.92
721.05	52.92
721.079	63.92
721.108	60.92
721.136	69.92
721.165	72.92
721.194	48.92
721.223	95.92
721.252	65.92
721.281	65.92
721.309	59.92
721.338	49.92
721.367	63.92
721.396	88.92
721.424	64.92
721.453	52.92
721.482	90.92
721.511	84.92
721.54	61.92
721.568	77.92
721.597	79.92
721.626	64.92
721.655	76.92
721.683	90.92
721.712	80.92
721.741	64.92
721.77	67.92
721.798	95.92
721.827	111.92
721.856	65.92
721.885	69.92
721.913	73.92
721.942	67.92
721.971	56.92
722	73.92
722.028	49.92
722.057	62.92
722.086	60.92
722.114	58.92
722.143	36.92
722.172	60.92
722.201	75.92
722.229	48.92
722.258	62.92
722.287	84.92
722.315	51.92
722.344	48.92
722.373	58.92
722.402	71.92
722.43	52.92
722.459	51.92
722.488	45.92
722.516	52.92
722.545	21.92
722.574	50.92
722.602	36.92
722.631	34.92
722.66	53.92
722.688	40.92
722.717	44.92
722.746	80.92
722.774	56.92
722.803	43.92
722.831	40.92
722.86	33.92
722.889	43.92
722.917	50.92
722.946	67.92
722.975	52.92
723.003	59.92
723.032	44.92
723.061	31.92
723.089	45.92
723.118	57.92
723.146	50.92
723.175	56.92
723.204	54.92
723.232	67.92
723.261	59.92
723.289	49.92
723.318	56.92
723.347	48.92
723.375	68.92
723.404	57.92
723.432	55.92
723.461	49.92
723.489	51.92
723.518	33.92
723.547	28.92
723.575	42.92
723.604	35.92
723.632	77.92
723.661	48.92
723.689	46.92
723.718	41.92
723.746	43.92
723.775	64.92
723.804	73.92
723.832	55.92
723.861	60.92
723.889	27.92
723.918	56.92
723.946	47.92
723.975	45.92
724.003	50.92
724.032	39.92
724.06	39.92
724.089	21.92
724.117	54.92
724.146	39.92
724.174	32.92
724.203	55.92
724.231	64.92
724.26	47.92
724.288	58.92
724.317	62.92
724.345	60.92
724.374	38.92
724.402	46.92
724.431	45.92
724.459	53.92
724.488	58.92
724.516	53.92
724.545	35.92
724.573	52.92
724.602	66.92
724.63	47.92
724.658	34.92
724.687	51.92
724.715	51.92
724.744	50.92
724.772	42.92
724.801	46.92
724.829	37.92
724.858	43.92
724.886	38.92
724.914	72.92
724.943	45.92
724.971	63.92
725	52.92
725.028	79.92
725.057	83.92
725.085	36.92
725.113	23.92
725.142	34.92
725.17	23.92
725.199	59.92
725.227	27.92
725.255	31.92
725.284	55.92
725.312	62.92
725.34	58.92
725.369	101.92
725.397	30.92
725.426	78.92
725.454	52.92
725.482	39.92
725.511	43.92
725.539	40.92
725.567	43.92
725.596	75.92
725.624	55.92
725.652	56.92
725.681	74.92
725.709	67.92
725.738	59.92
725.766	49.92
725.794	39.92
725.823	25.92
725.851	68.92
725.879	49.92
725.908	33.92
725.936	50.92
725.964	46.92
725.992	47.92
726.021	47.92
726.049	62.92
726.077	60.92
726.106	43.92
726.134	42.92
726.162	42.92
726.191	24.92
726.219	29.92
726.247	31.92
726.275	42.92
726.304	46.92
726.332	50.92
726.36	26.92
726.389	40.92
726.417	45.92
726.445	40.92
726.473	38.92
726.502	53.92
726.53	55.92
726.558	47.92
726.586	49.92
726.615	23.92
726.643	34.92
726.671	42.92
726.699	32.92
726.728	51.92
726.756	64.92
726.784	60.92
726.812	36.92
726.841	61.92
726.869	25.92
726.897	26.92
726.925	63.92
726.953	92.92
726.982	63.92
727.01	42.92
727.038	25.92
727.066	24.92
727.094	51.92
727.123	64.92
727.151	66.92
727.179	52.92
727.207	32.92
727.235	49.92
727.264	55.92
727.292	72.92
727.32	63.92
727.348	34.92
727.376	53.92
727.404	78.92
727.433	55.92
727.461	26.92
727.489	20.92
727.517	24.92
727.545	53.92
727.573	44.92
727.601	40.92
727.63	42.92
727.658	41.92
727.686	40.92
727.714	38.92
727.742	47.92
727.77	46.92
727.798	40.92
727.827	57.92
727.855	85.92
727.883	31.92
727.911	57.92
727.939	27.92
727.967	49.92
727.995	43.92
728.023	14.92
728.051	51.92
728.08	33.92
728.108	52.92
728.136	55.92
728.164	64.92
728.192	64.92
728.22	64.92
728.248	51.92
728.276	39.92
728.304	79.92
728.332	44.92
728.36	70.92
728.388	50.92
728.416	27.92
728.444	26.92
728.473	57.92
728.501	71.92
728.529	40.92
728.557	54.92
728.585	42.92
728.613	22.92
728.641	53.92
728.669	57.92
728.697	36.92
728.725	42.92
728.753	40.92
728.781	42.92
728.809	35.92
728.837	57.92
728.865	49.92
728.893	31.92
728.921	44.92
728.949	61.92
728.977	55.92
729.005	32.92
729.033	28.92
729.061	33.92
729.089	44.92
729.117	19.92
729.145	36.92
729.173	72.92
729.201	72.92
729.229	48.92
729.257	34.92
729.285	36.92
729.313	36.92
729.341	31.92
729.369	0.92
729.397	27.92
729.425	30.92
729.453	11.92
729.48	26.92
729.508	53.92
729.536	6.92
729.564	25.92
729.592	23.92
729.62	19.92
729.648	36.92
729.676	29.92
729.704	19.92
729.732	20.92
729.76	6.92
729.788	14.92
729.816	25.92
729.844	74.92
729.871	53.92
729.899	60.92
729.927	85.92
729.955	13.92
729.983	41.92
730.011	37.92
730.039	32.92
730.067	26.92
730.095	30.92
730.122	62.92
730.15	30.92
730.178	32.92
730.206	36.92
730.234	10.92
730.262	30.92
730.29	51.92
730.317	13.92
730.345	33.92
730.373	7.92
730.401	20.92
730.429	35.92
730.457	19.92
730.485	26.92
730.512	46.92
730.54	51.92
730.568	18.92
730.596	8.92
730.624	41.92
730.652	31.92
730.679	58.92
730.707	30.92
730.735	30.92
730.763	48.92
730.791	28.92
730.818	11.92
730.846	47.92
730.874	37.92
730.902	47.92
730.93	53.92
730.957	57.92
730.985	44.92
731.013	26.92
731.041	21.92
731.069	43.92
731.096	39.92
731.124	22.92
731.152	48.92
731.18	22.92
731.207	35.92
731.235	19.92
731.263	23.92
731.291	50.92
731.318	25.92
731.346	59.92
731.374	33.92
731.402	48.92
731.429	34.92
731.457	30.92
731.485	58.92
731.513	21.92
731.54	38.92
731.568	29.92
731.596	26.92
731.623	19.92
731.651	12.92
731.679	38.92
731.707	40.92
731.734	43.92
731.762	42.92
731.79	15.92
731.817	28.92
731.845	36.92
731.873	53.92
731.9	41.92
731.928	36.92
731.956	32.92
731.983	43.92
732.011	32.92
732.039	13.92
732.067	44.92
732.094	55.92
732.122	34.92
732.149	62.92
732.177	55.92
732.205	60.92
732.232	55.92
732.26	49.92
732.288	50.92
732.315	32.92
732.343	0.92
732.371	6.92
732.398	35.92
732.426	20.92
732.454	38.92
732.481	29.92
732.509	31.92
732.536	56.92
732.564	32.92
732.592	48.92
732.619	36.92
732.647	36.92
732.674	12.92
732.702	2.92
732.73	36.92
732.757	39.92
732.785	36.92
732.812	67.92
732.84	28.92
732.868	40.92
732.895	33.92
732.923	35.92
732.95	20.92
732.978	20.92
733.006	16.92
733.033	24.92
733.061	28.92
733.088	18.92
733.116	42.92
733.143	34.92
733.171	19.92
733.198	42.92
733.226	48.92
733.253	35.92
733.281	22.92
733.309	40.92
733.336	31.92
733.364	16.92
733.391	33.92
733.419	5.92
733.446	26.92
733.474	25.92
733.501	49.92
733.529	48.92
733.556	43.92
733.584	27.92
733.611	60.92
733.639	41.92
733.666	58.92
733.694	40.92
733.721	45.92
733.749	38.92
733.776	13.92
733.804	45.92
733.831	11.92
733.859	35.92
733.886	44.92
733.914	33.92
733.941	24.92
733.969	52.92
733.996	37.92
734.023	24.92
734.051	42.92
734.078	52.92
734.106	33.92
734.133	29.92
734.161	55.92
734.188	10.92
734.216	31.92
734.243	24.92
734.27	15.92
734.298	18.92
734.325	53.92
734.353	7.92
734.38	23.92
734.408	19.92
734.435	18.92
734.462	27.92
734.49	34.92
734.517	36.92
734.545	20.92
734.572	34.92
734.599	4.92
734.627	24.92
734.654	23.92
734.682	39.92
734.709	34.92
734.736	11.92
734.764	35.92
734.791	16.92
734.818	30.92
734.846	40.92
734.873	-0.08
734.901	9.92
734.928	26.92
734.955	42.92
734.983	18.92
735.01	67.92
735.037	35.92
735.065	10.92
735.092	34.92
735.119	26.92
735.147	5.92
735.174	53.92
735.201	35.92
735.229	26.92
735.256	17.92
735.283	37.92
735.311	-3.08
735.338	25.92
735.365	28.92
735.393	53.92
735.42	24.92
735.447	15.92
735.474	28.92
735.502	39.92
735.529	-4.08
735.556	30.92
735.584	11.92
735.611	42.92
735.638	17.92
735.665	41.92
735.693	87.92
735.72	47.92
735.747	30.92
735.775	32.92
735.802	25.92
735.829	3.92
735.856	9.92
735.884	-2.08
735.911	9.92
735.938	36.92
735.965	15.92
735.993	34.92
736.02	51.92
736.047	41.92
736.074	8.92
736.101	20.92
736.129	30.92
736.156	5.92
736.183	39.92
736.21	42.92
736.238	33.92
736.265	8.92
736.292	24.92
736.319	4.92
736.346	27.92
736.374	14.92
736.401	19.92
736.428	30.92
736.455	52.92
736.482	21.92
736.51	21.92
736.537	32.92
736.564	34.92
736.591	77.92
736.618	36.92
736.645	42.92
736.673	22.92
736.7	19.92
736.727	24.92
736.754	1.92
736.781	11.92
736.808	12.92
736.836	10.92
736.863	14.92
736.89	19.92
736.917	16.92
736.944	-9.08
736.971	16.92
736.998	27.92
737.026	43.92
737.053	31.92
737.08	36.92
737.107	13.92
737.134	-9.08
737.161	19.92
737.188	82.92
737.215	60.92
737.242	44.92
737.27	-1.08
737.297	-9.08
737.324	17.92
737.351	28.92
737.378	20.92
737.405	7.92
737.432	43.92
737.459	10.92
737.486	8.92
737.513	35.92
737.54	27.92
737.568	25.92
737.595	-11.08
737.622	9.92
737.649	38.92
737.676	41.92
737.703	5.92
737.73	24.92
737.757	1.92
737.784	44.92
737.811	20.92
737.838	27.92
737.865	12.92
737.892	38.92
737.919	46.92
737.946	48.92
737.973	27.92
738	53.92
738.027	-3.08
738.054	21.92
738.081	22.92
738.108	34.92
738.135	16.92
738.162	31.92
738.189	30.92
738.216	18.92
738.243	34.92
738.27	24.92
738.297	-1.08
738.324	30.92
738.351	29.92
738.378	42.92
738.405	56.92
738.432	26.92
738.459	39.92
738.486	16.92
738.513	19.92
738.54	30.92
738.567	43.92
738.594	28.92
738.621	25.92
738.648	41.92
738.675	15.92
738.702	33.92
738.729	-5.08
738.756	37.92
738.783	42.92
738.809	49.92
738.836	30.92
738.863	20.92
738.89	6.92
738.917	-3.08
738.944	17.92
738.971	43.92
738.998	39.92
739.025	54.92
739.052	39.92
739.079	6.92
739.105	5.92
739.132	3.92
739.159	19.92
739.186	32.92
739.213	41.92
739.24	33.92
739.267	41.92
739.294	28.92
739.321	27.92
739.347	13.92
739.374	12.92
739.401	31.92
739.428	18.92
739.455	0.92
739.482	16.92
739.509	24.92
739.535	20.92
739.562	7.92
739.589	34.92
739.616	24.92
739.643	10.92
739.67	18.92
739.696	27.92
739.723	35.92
739.75	16.92
739.777	34.92
739.804	18.92
739.831	46.92
739.857	20.92
739.884	44.92
739.911	34.92
739.938	36.92
739.965	22.92
739.991	16.92
740.018	23.92
740.045	19.92
740.072	24.92
740.099	27.92
740.125	13.92
740.152	48.92
740.179	11.92
740.206	31.92
740.233	23.92
740.259	18.92
740.286	8.92
740.313	22.92
740.34	12.92
740.366	17.92
740.393	31.92
740.42	31.92
740.447	23.92
740.473	18.92
740.5	16.92
740.527	8.92
740.554	29.92
740.58	48.92
740.607	29.92
740.634	18.92
740.66	22.92
740.687	42.92
740.714	21.92
740.741	37.92
740.767	-5.08
740.794	37.92
740.821	0.92
740.847	11.92
740.874	26.92
740.901	27.92
740.928	22.92
740.954	18.92
740.981	19.92
741.008	43.92
741.034	14.92
741.061	23.92
741.088	47.92
741.114	40.92
741.141	21.92
741.168	4.92
741.194	11.92
741.221	30.92
741.248	-8.08
741.274	13.92
741.301	22.92
741.328	11.92
741.354	28.92
741.381	39.92
741.408	36.92
741.434	30.92
741.461	22.92
741.487	0.92
741.514	17.92
741.541	15.92
741.567	34.92
741.594	32.92
741.621	24.92
741.647	22.92
741.674	31.92
741.7	36.92
741.727	14.92
741.754	21.92
741.78	32.92
741.807	40.92
741.833	55.92
741.86	17.92
741.887	20.92
741.913	25.92
741.94	21.92
741.966	19.92
741.993	23.92
742.019	36.92
742.046	39.92
742.073	34.92
742.099	16.92
742.126	12.92
742.152	32.92
742.179	29.92
742.205	-0.08
742.232	32.92
742.258	49.92
742.285	46.92
742.311	20.92
742.338	23.92
742.365	12.92
742.391	20.92
742.418	6.92
742.444	27.92
742.471	29.92
742.497	10.92
742.524	13.92
742.55	-0.08
742.577	12.92
742.603	30.92
742.63	7.92
742.656	24.92
742.683	36.92
742.709	32.92
742.736	36.92
742.762	23.92
742.789	-6.08
742.815	12.92
742.842	25.92
742.868	22.92
742.895	0.92
742.921	-2.08
742.947	27.92
742.974	38.92
743	30.92
743.027	39.92
743.053	4.92
743.08	21.92
743.106	24.92
743.133	19.92
743.159	33.92
743.186	22.92
743.212	51.92
743.238	11.92
743.265	1.92
743.291	24.92
743.318	39.92
743.344	10.92
743.371	18.92
743.397	6.92
743.423	12.92
743.45	21.92
743.476	16.92
743.503	26.92
743.529	31.92
743.555	66.92
743.582	32.92
743.608	27.92
743.635	42.92
743.661	21.92
743.687	23.92
743.714	28.92
743.74	14.92
743.766	25.92
743.793	16.92
743.819	6.92
743.846	18.92
743.872	38.92
743.898	19.92
743.925	21.92
743.951	18.92
743.977	57.92
744.004	52.92
744.03	31.92
744.056	26.92
744.083	19.92
744.109	4.92
744.135	23.92
744.162	7.92
744.188	15.92
744.214	11.92
744.241	14.92
744.267	-3.08
744.293	-8.08
744.32	1.92
744.346	3.92
744.372	26.92
744.398	27.92
744.425	12.92
744.451	6.92
744.477	9.92
744.504	28.92
744.53	4.92
744.556	46.92
744.582	27.92
744.609	19.92
744.635	28.92
744.661	18.92
744.688	-2.08
744.714	22.92
744.74	21.92
744.766	6.92
744.793	8.92
744.819	9.92
744.845	-0.08
744.871	18.92
744.898	9.92
744.924	2.92
744.95	29.92
744.976	16.92
745.003	31.92
745.029	17.92
745.055	4.92
745.081	25.92
745.107	5.92
745.134	11.92
745.16	-9.08
745.186	45.92
745.212	5.92
745.238	17.92
745.265	36.92
745.291	-12.08
745.317	-4.08
745.343	-0.08
745.369	32.92
745.396	37.92
745.422	38.92
745.448	9.92
745.474	6.92
745.5	26.92
745.526	-0.08
745.553	0.92
745.579	17.92
745.605	61.92
745.631	18.92
745.657	1.92
745.683	20.92
745.71	2.92
745.736	30.92
745.762	20.92
745.788	16.92
745.814	50.92
745.84	24.92
745.866	12.92
745.893	8.92
745.919	17.92
745.945	10.92
745.971	-3.08
745.997	20.92
746.023	22.92
746.049	15.92
746.075	24.92
746.101	6.92
746.128	31.92
746.154	23.92
746.18	11.92
746.206	23.92
746.232	10.92
746.258	11.92
746.284	-10.08
746.31	-3.08
746.336	23.92
746.362	4.92
746.388	4.92
746.414	16.92
746.441	15.92
746.467	17.92
746.493	44.92
746.519	15.92
746.545	0.92
746.571	5.92
746.597	39.92
746.623	14.92
746.649	26.92
746.675	36.92
746.701	23.92
746.727	36.92
746.753	30.92
746.779	29.92
746.805	6.92
746.831	-0.08
746.857	28.92
746.883	3.92
746.909	17.92
746.935	0.92
746.961	4.92
746.987	35.92
747.013	26.92
747.039	-4.08
747.065	44.92
747.091	25.92
747.117	-6.08
747.143	10.92
747.169	8.92
747.195	47.92
747.221	1.92
747.247	45.92
747.273	38.92
747.299	23.92
747.325	9.92
747.351	27.92
747.377	-14.08
747.403	2.92
747.429	17.92
747.455	18.92
747.481	4.92
747.507	6.92
747.532	-30.08
747.558	8.92
747.584	49.92
747.61	16.92
747.636	29.92
747.662	14.92
747.688	19.92
747.714	29.92
747.74	23.92
747.766	-10.08
747.792	11.92
747.818	25.92
747.844	23.92
747.869	24.92
747.895	44.92
747.921	33.92
747.947	19.92
747.973	1.92
747.999	47.92
748.025	19.92
748.051	12.92
748.076	-3.08
748.102	17.92
748.128	10.92
748.154	4.92
748.18	23.92
748.206	38.92
748.232	9.92
748.258	1.92
748.283	44.92
748.309	48.92
748.335	21.92
748.361	15.92
748.387	22.92
748.413	17.92
748.438	15.92
748.464	14.92
748.49	11.92
748.516	30.92
748.542	-2.08
748.568	-15.08
748.593	10.92
748.619	13.92
748.645	12.92
748.671	10.92
748.697	10.92
748.722	9.92
748.748	34.92
748.774	10.92
748.8	48.92
748.826	12.92
748.851	30.92
748.877	2.92
748.903	-4.08
748.929	33.92
748.954	25.92
748.98	16.92
749.006	16.92
749.032	3.92
749.057	3.92
749.083	7.92
749.109	15.92
749.135	19.92
749.16	5.92
749.186	0.92
749.212	2.92
749.238	-4.08
749.263	-4.08
749.289	-3.08
749.315	0.92
749.341	9.92
749.366	-11.08
749.392	14.92
749.418	33.92
749.443	6.92
749.469	28.92
749.495	28.92
749.521	16.92
749.546	19.92
749.572	5.92
749.598	19.92
749.623	15.92
749.649	24.92
749.675	15.92
749.7	4.92
749.726	11.92
749.752	-21.08
749.777	8.92
749.803	35.92
749.829	28.92
749.854	25.92
749.88	-0.08
749.906	29.92
749.931	35.92
749.957	-0.08
749.983	-1.08
750.008	10.92
750.034	21.92
750.06	10.92
750.085	-0.08
750.111	9.92
750.137	9.92
750.162	11.92
750.188	-10.08
750.213	23.92
750.239	11.92
750.265	15.92
750.29	4.92
750.316	-5.08
750.342	22.92
750.367	24.92
750.393	25.92
750.418	7.92
750.444	33.92
750.47	5.92
750.495	12.92
750.521	32.92
750.546	12.92
750.572	4.92
750.597	30.92
750.623	28.92
750.649	13.92
750.674	27.92
750.7	33.92
750.725	8.92
750.751	8.92
750.776	6.92
750.802	-2.08
750.827	-0.08
750.853	5.92
750.879	22.92
750.904	11.92
750.93	10.92
750.955	33.92
750.981	28.92
751.006	3.92
751.032	11.92
751.057	3.92
751.083	20.92
751.108	-12.08
751.134	7.92
751.159	22.92
751.185	-1.08
751.21	0.92
751.236	0.92
751.261	4.92
751.287	6.92
751.312	13.92
751.338	8.92
751.363	17.92
751.389	8.92
751.414	3.92
751.44	4.92
751.465	15.92
751.491	18.92
751.516	10.92
751.542	-1.08
751.567	14.92
751.593	5.92
751.618	19.92
751.643	6.92
751.669	-3.08
751.694	2.92
751.72	11.92
751.745	12.92
751.771	2.92
751.796	-3.08
751.822	16.92
751.847	56.92
751.872	20.92
751.898	4.92
751.923	2.92
751.949	24.92
751.974	15.92
751.999	17.92
752.025	-3.08
752.05	-10.08
752.076	-16.08
752.101	21.92
752.126	17.92
752.152	12.92
752.177	14.92
752.203	9.92
752.228	10.92
752.253	28.92
752.279	-7.08
752.304	-7.08
752.33	21.92
752.355	6.92
752.38	19.92
752.406	23.92
752.431	29.92
752.456	18.92
752.482	-12.08
752.507	-6.08
752.532	5.92
752.558	48.92
752.583	11.92
752.608	5.92
752.634	-5.08
752.659	3.92
752.684	15.92
752.71	15.92
752.735	7.92
752.76	25.92
752.786	21.92
752.811	12.92
752.836	12.92
752.862	1.92
752.887	21.92
752.912	30.92
752.938	-14.08
752.963	-2.08
752.988	12.92
753.013	6.92
753.039	-7.08
753.064	39.92
753.089	9.92
753.115	34.92
753.14	13.92
753.165	22.92
753.19	21.92
753.216	31.92
753.241	8.92
753.266	-7.08
753.291	-1.08
753.317	28.92
753.342	11.92
753.367	4.92
753.392	3.92
753.418	-12.08
753.443	24.92
753.468	25.92
753.493	20.92
753.519	-6.08
753.544	9.92
753.569	14.92
753.594	9.92
753.619	36.92
753.645	24.92
753.67	9.92
753.695	16.92
753.72	36.92
753.745	2.92
753.771	-6.08
753.796	-17.08
753.821	0.92
753.846	-3.08
753.871	-0.08
753.897	15.92
753.922	11.92
753.947	18.92
753.972	22.92
753.997	-9.08
754.022	7.92
754.048	-5.08
754.073	21.92
754.098	8.92
754.123	17.92
754.148	16.92
754.173	-1.08
754.199	23.92
754.224	25.92
754.249	17.92
754.274	11.92
754.299	0.92
754.324	8.92
754.349	0.92
754.374	5.92
754.4	13.92
754.425	-1.08
754.45	21.92
754.475	28.92
754.5	8.92
754.525	28.92
754.55	7.92
754.575	27.92
754.6	42.92
754.626	17.92
754.651	32.92
754.676	17.92
754.701	24.92
754.726	37.92
754.751	26.92
754.776	12.92
754.801	-11.08
754.826	6.92
754.851	-15.08
754.876	13.92
754.901	5.92
754.926	-3.08
754.951	26.92
754.977	8.92
755.002	14.92
755.027	0.92
755.052	11.92
755.077	24.92
755.102	11.92
755.127	-8.08
755.152	11.92
755.177	-6.08
755.202	-1.08
755.227	8.92
755.252	23.92
755.277	18.92
755.302	-9.08
755.327	6.92
755.352	21.92
755.377	4.92
755.402	7.92
755.427	12.92
755.452	7.92
755.477	31.92
755.502	-1.08
755.527	31.92
755.552	16.92
755.577	-2.08
755.602	-1.08
755.627	19.92
755.652	-8.08
755.677	28.92
755.702	2.92
755.727	16.92
755.752	18.92
755.777	20.92
755.802	4.92
755.826	21.92
755.851	15.92
755.876	38.92
755.901	21.92
755.926	12.92
755.951	0.92
755.976	-9.08
756.001	10.92
756.026	-3.08
756.051	7.92
756.076	-4.08
756.101	9.92
756.126	18.92
756.15	-9.08
756.175	-11.08
756.2	-9.08
756.225	-7.08
756.25	-3.08
756.275	35.92
756.3	-1.08
756.325	12.92
756.35	-11.08
756.375	15.92
756.399	18.92
756.424	12.92
756.449	42.92
756.474	11.92
756.499	35.92
756.524	8.92
756.549	-18.08
756.573	2.92
756.598	-4.08
756.623	11.92
756.648	10.92
756.673	-10.08
756.698	8.92
756.723	-1.08
756.747	10.92
756.772	-3.08
756.797	9.92
756.822	8.92
756.847	37.92
756.871	25.92
756.896	14.92
756.921	0.92
756.946	23.92
756.971	-8.08
756.996	-25.08
757.02	-8.08
757.045	24.92
757.07	-6.08
757.095	2.92
757.12	37.92
757.144	8.92
757.169	20.92
757.194	-9.08
757.219	17.92
757.243	-1.08
757.268	-9.08
757.293	7.92
757.318	2.92
757.342	-0.08
757.367	-21.08
757.392	16.92
757.417	23.92
757.441	7.92
757.466	7.92
757.491	14.92
757.516	19.92
757.54	-6.08
757.565	-9.08
757.59	-19.08
757.615	-2.08
757.639	-3.08
757.664	18.92
757.689	30.92
757.714	-8.08
757.738	2.92
757.763	-6.08
757.788	10.92
757.812	-1.08
757.837	-5.08
757.862	27.92
757.886	2.92
757.911	2.92
757.936	12.92
757.961	8.92
757.985	-11.08
758.01	6.92
758.035	-11.08
758.059	-19.08
758.084	-26.08
758.109	21.92
758.133	8.92
758.158	6.92
758.183	23.92
758.207	15.92
758.232	-23.08
758.256	15.92
758.281	-3.08
758.306	59.92
758.33	4.92
758.355	26.92
758.38	-9.08
758.404	8.92
758.429	12.92
758.454	47.92
758.478	-2.08
758.503	-6.08
758.527	-12.08
758.552	-17.08
758.577	-27.08
758.601	-6.08
758.626	0.92
758.65	8.92
758.675	1.92
758.7	24.92
758.724	22.92
758.749	14.92
758.773	24.92
758.798	-19.08
758.823	8.92
758.847	22.92
758.872	-8.08
758.896	17.92
758.921	-9.08
758.945	-4.08
758.97	-17.08
758.995	-0.08
759.019	9.92
759.044	-20.08
759.068	-1.08
759.093	15.92
759.117	14.92
759.142	16.92
759.166	21.92
759.191	30.92
759.215	-1.08
759.24	4.92
759.264	3.92
759.289	-13.08
759.313	-32.08
759.338	-15.08
759.363	-5.08
759.387	-4.08
759.412	12.92
759.436	15.92
759.461	2.92
759.485	15.92
759.51	24.92
759.534	-3.08
759.558	15.92
759.583	-1.08
759.607	26.92
759.632	-3.08
759.656	3.92
759.681	-3.08
759.705	8.92
759.73	45.92
759.754	-2.08
759.779	12.92
759.803	8.92
759.828	28.92
759.852	0.92
759.877	48.92
759.901	30.92
759.925	9.92
759.95	2.92
759.974	-16.08
759.999	11.92
760.023	8.92
760.048	3.92
760.072	17.92
760.096	5.92
760.121	0.92
760.145	0.92
760.17	39.92
760.194	31.92
760.218	30.92
760.243	27.92
760.267	-5.08
760.292	-0.08
760.316	-0.08
760.34	32.92
760.365	-6.08
760.389	6.92
760.414	26.92
760.438	-4.08
760.462	-1.08
760.487	19.92
760.511	-2.08
760.535	0.92
760.56	1.92
760.584	-13.08
760.608	-0.08
760.633	-8.08
760.657	4.92
760.682	-8.08
760.706	3.92
760.73	9.92
760.755	4.92
760.779	-9.08
760.803	47.92
760.828	20.92
760.852	4.92
760.876	4.92
760.901	-5.08
760.925	10.92
760.949	-0.08
760.973	8.92
760.998	6.92
761.022	3.92
761.046	-7.08
761.071	0.92
761.095	-3.08
761.119	-8.08
761.144	29.92
761.168	-3.08
761.192	-4.08
761.216	-1.08
761.241	17.92
761.265	8.92
761.289	4.92
761.313	9.92
761.338	23.92
761.362	2.92
761.386	19.92
761.41	17.92
761.435	14.92
761.459	-16.08
761.483	-4.08
761.507	11.92
761.532	12.92
761.556	-13.08
761.58	10.92
761.604	7.92
761.629	1.92
761.653	24.92
761.677	21.92
761.701	0.92
761.725	17.92
761.75	7.92
761.774	17.92
761.798	3.92
761.822	1.92
761.847	-12.08
761.871	-4.08
761.895	-8.08
761.919	3.92
761.943	-15.08
761.967	-11.08
761.992	-23.08
762.016	-8.08
762.04	-16.08
762.064	-0.08
762.088	-1.08
762.112	3.92
762.137	3.92
762.161	14.92
762.185	5.92
762.209	-5.08
762.233	28.92
762.257	23.92
762.282	-3.08
762.306	3.92
762.33	4.92
762.354	34.92
762.378	23.92
762.402	-15.08
762.426	-13.08
762.45	-0.08
762.475	16.92
762.499	-0.08
762.523	-19.08
762.547	-2.08
762.571	4.92
762.595	6.92
762.619	20.92
762.643	-20.08
762.667	10.92
762.692	-2.08
762.716	-15.08
762.74	28.92
762.764	22.92
762.788	-9.08
762.812	9.92
762.836	34.92
762.86	2.92
762.884	1.92
762.908	-0.08
762.932	7.92
762.956	14.92
762.98	22.92
763.004	20.92
763.028	2.92
763.053	11.92
763.077	16.92
763.101	19.92
763.125	9.92
763.149	-3.08
763.173	-1.08
763.197	-4.08
763.221	-1.08
763.245	-19.08
763.269	20.92
763.293	4.92
763.317	45.92
763.341	-4.08
763.365	-3.08
763.389	9.92
763.413	-4.08
763.437	33.92
763.461	9.92
763.485	17.92
763.509	-10.08
763.533	-28.08
763.557	32.92
763.581	-5.08
763.605	-8.08
763.629	4.92
763.653	8.92
763.677	26.92
763.701	34.92
763.725	-5.08
763.748	-16.08
763.772	-10.08
763.796	8.92
763.82	6.92
763.844	27.92
763.868	7.92
763.892	32.92
763.916	5.92
763.94	14.92
763.964	-17.08
763.988	20.92
764.012	-7.08
764.036	-5.08
764.06	9.92
764.084	9.92
764.107	6.92
764.131	-5.08
764.155	9.92
764.179	6.92
764.203	-3.08
764.227	6.92
764.251	-11.08
764.275	8.92
764.299	-7.08
764.322	-15.08
764.346	6.92
764.37	8.92
764.394	6.92
764.418	12.92
764.442	37.92
764.466	22.92
764.49	32.92
764.513	9.92
764.537	-1.08
764.561	6.92
764.585	-11.08
764.609	13.92
764.633	-15.08
764.657	-8.08
764.68	-7.08
764.704	-5.08
764.728	19.92
764.752	6.92
764.776	-20.08
764.799	14.92
764.823	15.92
764.847	8.92
764.871	22.92
764.895	4.92
764.919	-10.08
764.942	27.92
764.966	-0.08
764.99	8.92
765.014	2.92
765.038	30.92
765.061	20.92
765.085	0.92
765.109	29.92
765.133	15.92
765.156	22.92
765.18	-9.08
765.204	-3.08
765.228	11.92
765.251	14.92
765.275	-23.08
765.299	-13.08
765.323	9.92
765.346	-11.08
765.37	2.92
765.394	-1.08
765.418	-0.08
765.441	-0.08
765.465	-1.08
765.489	-2.08
765.513	3.92
765.536	8.92
765.56	4.92
765.584	18.92
765.608	45.92
765.631	-9.08
765.655	-20.08
765.679	2.92
765.702	31.92
765.726	3.92
765.75	23.92
765.773	5.92
765.797	1.92
765.821	6.92
765.845	-17.08
765.868	10.92
765.892	-5.08
765.916	7.92
765.939	-3.08
765.963	-4.08
765.987	-5.08
766.01	16.92
766.034	8.92
766.058	4.92
766.081	24.92
766.105	18.92
766.128	10.92
766.152	-1.08
766.176	45.92
766.199	-3.08
766.223	4.92
766.247	-14.08
766.27	33.92
766.294	-3.08
766.318	-23.08
766.341	-4.08
766.365	10.92
766.388	-5.08
766.412	24.92
766.436	23.92
766.459	16.92
766.483	13.92
766.506	4.92
766.53	39.92
766.554	7.92
766.577	20.92
766.601	6.92
766.624	-12.08
766.648	1.92
766.672	8.92
766.695	1.92
766.719	26.92
766.742	0.92
766.766	8.92
766.789	15.92
766.813	-3.08
766.836	-21.08
766.86	23.92
766.884	7.92
766.907	-1.08
766.931	1.92
766.954	-17.08
766.978	23.92
767.001	1.92
767.025	-10.08
767.048	22.92
767.072	-2.08
767.095	0.92
767.119	-13.08
767.142	-10.08
767.166	12.92
767.189	18.92
767.213	-0.08
767.236	1.92
767.26	-2.08
767.283	25.92
767.307	-0.08
767.33	-5.08
767.354	20.92
767.377	11.92
767.401	21.92
767.424	-6.08
767.448	21.92
767.471	14.92
767.495	13.92
767.518	5.92
767.542	4.92
767.565	-23.08
767.589	-7.08
767.612	14.92
767.636	16.92
767.659	-0.08
767.682	-11.08
767.706	2.92
767.729	25.92
767.753	12.92
767.776	4.92
767.8	11.92
767.823	-14.08
767.846	2.92
767.87	-0.08
767.893	18.92
767.917	3.92
767.94	7.92
767.964	23.92
767.987	-7.08
768.01	7.92
768.034	-22.08
768.057	-13.08
768.081	9.92
768.104	1.92
768.127	7.92
768.151	3.92
768.174	9.92
768.197	-1.08
768.221	-12.08
768.244	16.92
768.268	12.92
768.291	2.92
768.314	16.92
768.338	2.92
768.361	1.92
768.384	19.92
768.408	-7.08
768.431	1.92
768.454	26.92
768.478	15.92
768.501	12.92
768.524	7.92
768.548	7.92
768.571	-3.08
768.594	-20.08
768.618	10.92
768.641	10.92
768.664	9.92
768.688	14.92
768.711	-1.08
768.734	3.92
768.758	-3.08
768.781	-19.08
768.804	5.92
768.827	-13.08
768.851	6.92
768.874	17.92
768.897	-5.08
768.921	-15.08
768.944	-6.08
768.967	11.92
768.99	-5.08
769.014	-23.08
769.037	-19.08
769.06	4.92
769.083	12.92
769.107	7.92
769.13	-4.08
769.153	-1.08
769.176	-0.08
769.2	12.92
769.223	11.92
769.246	-9.08
769.269	25.92
769.293	2.92
769.316	14.92
769.339	15.92
769.362	-7.08
769.386	-13.08
769.409	6.92
769.432	-8.08
769.455	10.92
769.478	-10.08
769.502	-6.08
769.525	-23.08
769.548	-1.08
769.571	-19.08
769.594	16.92
769.618	15.92
769.641	15.92
769.664	-35.08
769.687	27.92
769.71	-13.08
769.733	3.92
769.757	9.92
769.78	-16.08
769.803	-15.08
769.826	0.92
769.849	3.92
769.872	-1.08
769.896	-11.08
769.919	4.92
769.942	8.92
769.965	19.92
769.988	26.92
770.011	8.92
770.034	-27.08
770.058	-14.08
770.081	12.92
770.104	17.92
770.127	-6.08
770.15	-1.08
770.173	15.92
770.196	19.92
770.219	17.92
770.242	0.92
770.266	3.92
770.289	18.92
770.312	8.92
770.335	15.92
770.358	7.92
770.381	9.92
770.404	12.92
770.427	8.92
770.45	24.92
770.473	19.92
770.496	1.92
770.519	24.92
770.543	18.92
770.566	47.92
770.589	24.92
770.612	-1.08
770.635	-11.08
770.658	3.92
770.681	4.92
770.704	3.92
770.727	43.92
770.75	3.92
770.773	-10.08
770.796	-6.08
770.819	6.92
770.842	20.92
770.865	13.92
770.888	-2.08
770.911	-2.08
770.934	12.92
770.957	1.92
770.98	9.92
771.003	20.92
771.026	-19.08
771.049	0.92
771.072	17.92
771.095	17.92
771.118	41.92
771.141	16.92
771.164	12.92
771.187	-0.08
771.21	-1.08
771.233	28.92
771.256	-1.08
771.279	12.92
771.302	-13.08
771.325	3.92
771.348	-11.08
771.371	34.92
771.394	0.92
771.417	22.92
771.44	31.92
771.463	4.92
771.485	44.92
771.508	21.92
771.531	7.92
771.554	1.92
771.577	9.92
771.6	-13.08
771.623	9.92
771.646	17.92
771.669	-7.08
771.692	12.92
771.715	6.92
771.738	-0.08
771.761	28.92
771.783	-6.08
771.806	7.92
771.829	26.92
771.852	13.92
771.875	18.92
771.898	21.92
771.921	2.92
771.944	1.92
771.966	-7.08
771.989	-0.08
772.012	17.92
772.035	30.92
772.058	13.92
772.081	4.92
772.104	9.92
772.126	-7.08
772.149	12.92
772.172	1.92
772.195	33.92
772.218	5.92
772.241	3.92
772.264	1.92
772.286	28.92
772.309	3.92
772.332	-15.08
772.355	2.92
772.378	1.92
772.4	9.92
772.423	21.92
772.446	16.92
772.469	4.92
772.492	12.92
772.514	13.92
772.537	14.92
772.56	17.92
772.583	14.92
772.606	34.92
772.628	16.92
772.651	6.92
772.674	7.92
772.697	-9.08
772.72	24.92
772.742	-9.08
772.765	2.92
772.788	0.92
772.811	-14.08
772.833	0.92
772.856	30.92
772.879	30.92
772.902	5.92
772.924	-4.08
772.947	43.92
772.97	9.92
772.992	-23.08
773.015	-21.08
773.038	-3.08
773.061	21.92
773.083	18.92
773.106	11.92
773.129	4.92
773.152	17.92
773.174	7.92
773.197	-8.08
773.22	5.92
773.242	10.92
773.265	20.92
773.288	-1.08
773.31	6.92
773.333	4.92
773.356	34.92
773.378	-0.08
773.401	-3.08
773.424	-1.08
773.446	8.92
773.469	15.92
773.492	0.92
773.514	8.92
773.537	1.92
773.56	7.92
773.582	-8.08
773.605	0.92
773.628	20.92
773.65	22.92
773.673	12.92
773.696	15.92
773.718	8.92
773.741	-10.08
773.764	-9.08
773.786	3.92
773.809	15.92
773.831	11.92
773.854	1.92
773.877	-7.08
773.899	10.92
773.922	7.92
773.944	27.92
773.967	28.92
773.99	18.92
774.012	2.92
774.035	35.92
774.057	7.92
774.08	-9.08
774.103	27.92
774.125	-0.08
774.148	39.92
774.17	-3.08
774.193	15.92
774.215	34.92
774.238	10.92
774.261	-8.08
774.283	-8.08
774.306	1.92
774.328	8.92
774.351	25.92
774.373	12.92
774.396	22.92
774.418	-5.08
774.441	11.92
774.463	8.92
774.486	-9.08
774.509	6.92
774.531	3.92
774.554	17.92
774.576	1.92
774.599	-13.08
774.621	-18.08
774.644	8.92
774.666	6.92
774.689	2.92
774.711	-8.08
774.734	-7.08
774.756	-12.08
774.779	41.92
774.801	11.92
774.824	-4.08
774.846	22.92
774.868	-3.08
774.891	-3.08
774.913	8.92
774.936	-4.08
774.958	7.92
774.981	-7.08
775.003	-12.08
775.026	15.92
775.048	5.92
775.071	34.92
775.093	-1.08
775.115	-1.08
775.138	5.92
775.16	5.92
775.183	15.92
775.205	2.92
775.228	6.92
775.25	23.92
775.272	-11.08
775.295	1.92
775.317	21.92
775.34	-19.08
775.362	-0.08
775.385	34.92
775.407	14.92
775.429	-9.08
775.452	-0.08
775.474	24.92
775.496	-9.08
775.519	-14.08
775.541	0.92
775.564	-4.08
775.586	3.92
775.608	7.92
775.631	20.92
775.653	9.92
775.675	-12.08
775.698	5.92
775.72	14.92
775.743	19.92
775.765	0.92
775.787	18.92
775.81	-0.08
775.832	15.92
775.854	-14.08
775.877	-5.08
775.899	0.92
775.921	27.92
775.944	15.92
775.966	41.92
775.988	2.92
776.011	-1.08
776.033	-13.08
776.055	-2.08
776.077	-0.08
776.1	-15.08
776.122	-25.08
776.144	12.92
776.167	5.92
776.189	7.92
776.211	-4.08
776.234	7.92
776.256	-8.08
776.278	-2.08
776.3	-7.08
776.323	48.92
776.345	36.92
776.367	19.92
776.389	4.92
776.412	3.92
776.434	34.92
776.456	-0.08
776.478	7.92
776.501	7.92
776.523	-8.08
776.545	6.92
776.567	-1.08
776.59	5.92
776.612	17.92
776.634	-10.08
776.656	-26.08
776.679	-19.08
776.701	-3.08
776.723	5.92
776.745	16.92
776.767	4.92
776.79	-7.08
776.812	-11.08
776.834	-16.08
776.856	-6.08
776.878	7.92
776.901	18.92
776.923	1.92
776.945	-6.08
776.967	-2.08
776.989	0.92
777.012	-26.08
777.034	-2.08
777.056	-20.08
777.078	-7.08
777.1	-20.08
777.122	-12.08
777.145	5.92
777.167	0.92
777.189	-20.08
777.211	1.92
777.233	0.92
777.255	0.92
777.277	-21.08
777.3	-11.08
777.322	-15.08
777.344	-17.08
777.366	-14.08
777.388	-19.08
777.41	-7.08
777.432	17.92
777.454	-19.08
777.477	-17.08
777.499	-5.08
777.521	10.92
777.543	-3.08
777.565	8.92
777.587	6.92
777.609	25.92
777.631	11.92
777.653	-7.08
777.675	-42.08
777.697	1.92
777.72	8.92
777.742	-18.08
777.764	-8.08
777.786	11.92
777.808	-11.08
777.83	2.92
777.852	14.92
777.874	5.92
777.896	-14.08
777.918	-0.08
777.94	17.92
777.962	-1.08
777.984	-8.08
778.006	10.92
778.028	-11.08
778.05	1.92
778.072	-7.08
778.094	-35.08
778.116	-7.08
778.138	-22.08
778.16	-25.08
778.182	15.92
778.204	-12.08
778.226	-2.08
778.248	-9.08
778.27	-1.08
778.292	-5.08
778.314	16.92
778.336	-13.08
778.358	-18.08
778.38	-19.08
778.402	-11.08
778.424	5.92
778.446	-6.08
778.468	20.92
778.49	-18.08
778.512	-31.08
778.534	19.92
778.556	-5.08
778.578	-29.08
778.6	-27.08
778.622	-15.08
778.644	-7.08
778.666	-0.08
778.688	-12.08
778.71	3.92
778.732	-4.08
778.754	-14.08
778.775	-17.08
778.797	0.92
778.819	-13.08
778.841	-15.08
778.863	-17.08
778.885	-8.08
778.907	7.92
778.929	5.92
778.951	-21.08
778.973	-8.08
778.995	-7.08
779.016	-11.08
779.038	-0.08
779.06	-9.08
779.082	-9.08
779.104	4.92
779.126	-8.08
779.148	-28.08
779.17	-21.08
779.191	-17.08
779.213	-10.08
779.235	-26.08
779.257	-0.08
779.279	-0.08
779.301	-14.08
779.323	-13.08
779.344	-26.08
779.366	-11.08
779.388	-0.08
779.41	-11.08
