679.61	-109.54
679.642	-109.54
679.675	-109.54
679.708	-107.54
679.741	-2.54
679.773	1.46
679.806	-4.54
679.839	2.46
679.871	-0.54
679.904	-1.54
679.937	7.46
679.97	9.46
680.002	-13.54
680.035	17.46
680.068	1.46
680.1	-2.54
680.133	-1.54
680.166	-15.54
680.198	7.46
680.231	23.46
680.264	12.46
680.296	42.46
680.329	20.46
680.362	21.46
680.394	36.46
680.427	0.46
680.46	20.46
680.492	13.46
680.525	8.46
680.558	3.46
680.59	-21.54
680.623	11.46
680.656	3.46
680.688	7.46
680.721	-11.54
680.753	16.46
680.786	0.46
680.819	-7.54
680.851	11.46
680.884	13.46
680.917	14.46
680.949	31.46
680.982	-11.54
681.014	33.46
681.047	21.46
681.08	5.46
681.112	10.46
681.145	5.46
681.177	9.46
681.21	9.46
681.243	-8.54
681.275	9.46
681.308	6.46
681.34	28.46
681.373	6.46
681.405	-5.54
681.438	33.46
681.471	14.46
681.503	-8.54
681.536	3.46
681.568	3.46
681.601	22.46
681.633	12.46
681.666	19.46
681.698	14.46
681.731	3.46
681.764	17.46
681.796	16.46
681.829	5.46
681.861	-13.54
681.894	10.46
681.926	17.46
681.959	40.46
681.991	19.46
682.024	34.46
682.056	24.46
682.089	19.46
682.121	20.46
682.154	14.46
682.186	21.46
682.219	28.46
682.251	12.46
682.284	29.46
682.316	13.46
682.349	20.46
682.381	36.46
682.414	15.46
682.446	1.46
682.479	17.46
682.511	7.46
682.544	10.46
682.576	2.46
682.609	14.46
682.641	-5.54
682.674	-5.54
682.706	24.46
682.738	12.46
682.771	14.46
682.803	-4.54
682.836	24.46
682.868	23.46
682.901	33.46
682.933	29.46
682.966	12.46
682.998	12.46
683.03	12.46
683.063	21.46
683.095	13.46
683.128	14.46
683.16	3.46
683.193	-2.54
683.225	37.46
683.257	14.46
683.29	49.46
683.322	14.46
683.355	45.46
683.387	23.46
683.419	8.46
683.452	17.46
683.484	21.46
683.517	48.46
683.549	47.46
683.581	9.46
683.614	17.46
683.646	23.46
683.678	49.46
683.711	7.46
683.743	41.46
683.776	51.46
683.808	30.46
683.84	14.46
683.873	-2.54
683.905	22.46
683.937	15.46
683.97	5.46
684.002	39.46
684.034	29.46
684.067	46.46
684.099	43.46
684.131	41.46
684.164	34.46
684.196	9.46
684.228	33.46
684.261	12.46
684.293	-6.54
684.325	5.46
684.358	31.46
684.39	44.46
684.422	42.46
684.455	54.46
684.487	7.46
684.519	37.46
684.551	34.46
684.584	37.46
684.616	24.46
684.648	30.46
684.681	32.46
684.713	21.46
684.745	30.46
684.777	31.46
684.81	54.46
684.842	49.46
684.874	15.46
684.906	23.46
684.939	44.46
684.971	45.46
685.003	20.46
685.035	22.46
685.068	46.46
685.1	43.46
685.132	53.46
685.164	20.46
685.197	35.46
685.229	43.46
685.261	41.46
685.293	29.46
685.326	12.46
685.358	22.46
685.39	13.46
685.422	9.46
685.455	16.46
685.487	-3.54
685.519	16.46
685.551	36.46
685.583	22.46
685.616	21.46
685.648	36.46
685.68	30.46
685.712	41.46
685.744	12.46
685.776	14.46
685.809	36.46
685.841	23.46
685.873	22.46
685.905	13.46
685.937	38.46
685.97	32.46
686.002	58.46
686.034	63.46
686.066	21.46
686.098	14.46
686.13	14.46
686.163	41.46
686.195	52.46
686.227	66.46
686.259	31.46
686.291	30.46
686.323	19.46
686.355	41.46
686.387	61.46
686.42	58.46
686.452	15.46
686.484	58.46
686.516	49.46
686.548	20.46
686.58	33.46
686.612	29.46
686.644	33.46
686.677	7.46
686.709	31.46
686.741	24.46
686.773	31.46
686.805	28.46
686.837	36.46
686.869	27.46
686.901	25.46
686.933	21.46
686.965	39.46
686.997	24.46
687.03	31.46
687.062	39.46
687.094	49.46
687.126	40.46
687.158	61.46
687.19	35.46
687.222	35.46
687.254	53.46
687.286	73.46
687.318	38.46
687.35	36.46
687.382	46.46
687.414	47.46
687.446	42.46
687.478	47.46
687.51	31.46
687.542	26.46
687.574	25.46
687.606	28.46
687.638	30.46
687.67	31.46
687.702	23.46
687.734	49.46
687.766	71.46
687.798	26.46
687.83	33.46
687.862	29.46
687.894	21.46
687.926	56.46
687.958	43.46
687.99	20.46
688.022	47.46
688.054	18.46
688.086	26.46
688.118	39.46
688.15	35.46
688.182	69.46
688.214	67.46
688.246	39.46
688.278	53.46
688.31	40.46
688.342	15.46
688.374	38.46
688.406	43.46
688.438	77.46
688.47	59.46
688.502	53.46
688.534	31.46
688.566	48.46
688.598	34.46
688.63	63.46
688.662	50.46
688.693	44.46
688.725	65.46
688.757	44.46
688.789	59.46
688.821	64.46
688.853	40.46
688.885	47.46
688.917	62.46
688.949	79.46
688.981	47.46
689.013	33.46
689.044	65.46
689.076	77.46
689.108	79.46
689.14	65.46
689.172	74.46
689.204	55.46
689.236	50.46
689.268	43.46
689.3	58.46
689.331	46.46
689.363	61.46
689.395	55.46
689.427	70.46
689.459	74.46
689.491	56.46
689.523	50.46
689.554	49.46
689.586	50.46
689.618	69.46
689.65	61.46
689.682	88.46
689.714	70.46
689.745	85.46
689.777	58.46
689.809	80.46
689.841	73.46
689.873	53.46
689.905	99.46
689.936	80.46
689.968	86.46
690	65.46
690.032	60.46
690.064	95.46
690.095	80.46
690.127	74.46
690.159	81.46
690.191	94.46
690.223	68.46
690.254	73.46
690.286	82.46
690.318	82.46
690.35	83.46
690.381	91.46
690.413	79.46
690.445	87.46
690.477	81.46
690.508	94.46
690.54	93.46
690.572	110.46
690.604	92.46
690.636	101.46
690.667	85.46
690.699	112.46
690.731	111.46
690.762	93.46
690.794	104.46
690.826	116.46
690.858	107.46
690.889	96.46
690.921	122.46
690.953	114.46
690.985	121.46
691.016	104.46
691.048	132.46
691.08	115.46
691.111	144.46
691.143	118.46
691.175	128.46
691.207	153.46
691.238	122.46
691.27	127.46
691.302	131.46
691.333	124.46
691.365	132.46
691.397	167.46
691.428	182.46
691.46	172.46
691.492	175.46
691.523	167.46
691.555	179.46
691.587	179.46
691.618	184.46
691.65	207.46
691.682	190.46
691.713	186.46
691.745	198.46
691.777	191.46
691.808	204.46
691.84	215.46
691.872	211.46
691.903	229.46
691.935	270.46
691.966	275.46
691.998	281.46
692.03	293.46
692.061	259.46
692.093	308.46
692.125	297.46
692.156	316.46
692.188	305.46
692.219	281.46
692.251	316.46
692.283	302.46
692.314	338.46
692.346	396.46
692.377	385.46
692.409	395.46
692.441	429.46
692.472	462.46
692.504	461.46
692.535	465.46
692.567	482.46
692.598	537.46
692.63	572.46
692.662	581.46
692.693	624.46
692.725	651.46
692.756	718.46
692.788	746.46
692.819	825.46
692.851	895.46
692.882	971.46
692.914	1054.46
692.946	1232.46
692.977	1275.46
693.009	1405.46
693.04	1584.46
693.072	1753.46
693.103	2020.46
693.135	2302.46
693.166	2512.46
693.198	2787.46
693.229	3026.46
693.261	3261.46
693.292	3634.46
693.324	4116.46
693.355	4774.46
693.387	5432.46
693.418	6065.46
693.45	6581.46
693.481	7049.46
693.513	7247.46
693.544	7420.46
693.576	7525.46
693.607	7741.46
693.639	7916.46
693.67	8078.46
693.702	8114.46
693.733	7973.46
693.765	7649.46
693.796	7195.46
693.827	6781.46
693.859	6220.46
693.89	5663.46
693.922	5241.46
693.953	4790.46
693.985	4455.46
694.016	4267.46
694.048	4066.46
694.079	3937.46
694.111	3788.46
694.142	3703.46
694.173	3611.46
694.205	3564.46
694.236	3539.46
694.268	3502.46
694.299	3634.46
694.33	3767.46
694.362	3857.46
694.393	3915.46
694.425	3995.46
694.456	4089.46
694.487	4336.46
694.519	4590.46
694.55	4966.46
694.582	5325.46
694.613	5720.46
694.644	6109.46
694.676	6538.46
694.707	6918.46
694.739	7495.46
694.77	8131.46
694.801	8886.46
694.833	9570.46
694.864	10146.46
694.895	10548.46
694.927	11023.46
694.958	11427.46
694.989	12015.46
695.021	12364.46
695.052	12445.46
695.084	12417.46
695.115	12206.46
695.146	11702.46
695.178	11258.46
695.209	10746.46
695.24	10355.46
695.272	9759.46
695.303	9055.46
695.334	8435.46
695.365	7739.46
695.397	7290.46
695.428	6807.46
695.459	6408.46
695.491	6035.46
695.522	5635.46
695.553	5210.46
695.585	4812.46
695.616	4453.46
695.647	4098.46
695.679	3800.46
695.71	3525.46
695.741	3245.46
695.772	3073.46
695.804	2922.46
695.835	2687.46
695.866	2564.46
695.897	2422.46
695.929	2267.46
695.96	2246.46
695.991	2227.46
696.023	2131.46
696.054	2006.46
696.085	1887.46
696.116	1781.46
696.148	1631.46
696.179	1506.46
696.21	1451.46
696.241	1416.46
696.272	1373.46
696.304	1331.46
696.335	1309.46
696.366	1317.46
696.397	1239.46
696.429	1176.46
696.46	1159.46
696.491	1121.46
696.522	1065.46
696.553	1030.46
696.585	1025.46
696.616	1024.46
696.647	1016.46
696.678	957.46
696.709	954.46
696.741	959.46
696.772	923.46
696.803	902.46
696.834	833.46
696.865	799.46
696.897	749.46
696.928	717.46
696.959	695.46
696.99	735.46
697.021	750.46
697.052	760.46
697.084	712.46
697.115	741.46
697.146	791.46
697.177	693.46
697.208	647.46
697.239	663.46
697.27	626.46
697.302	580.46
697.333	589.46
697.364	596.46
697.395	584.46
697.426	573.46
697.457	600.46
697.488	594.46
697.519	554.46
697.551	531.46
697.582	530.46
697.613	526.46
697.644	520.46
697.675	502.46
697.706	515.46
697.737	518.46
697.768	520.46
697.799	527.46
697.831	507.46
697.862	528.46
697.893	488.46
697.924	509.46
697.955	539.46
697.986	516.46
698.017	546.46
698.048	495.46
698.079	491.46
698.11	501.46
698.141	474.46
698.172	481.46
698.203	443.46
698.234	452.46
698.265	464.46
698.297	452.46
698.328	462.46
698.359	497.46
698.39	512.46
698.421	541.46
698.452	511.46
698.483	534.46
698.514	512.46
698.545	486.46
698.576	467.46
698.607	500.46
698.638	493.46
698.669	507.46
698.7	515.46
698.731	535.46
698.762	518.46
698.793	459.46
698.824	483.46
698.855	464.46
698.886	470.46
698.917	436.46
698.948	420.46
698.979	442.46
699.01	441.46
699.041	469.46
699.072	451.46
699.103	435.46
699.134	453.46
699.165	463.46
699.196	420.46
699.227	431.46
699.258	432.46
699.289	433.46
699.319	442.46
699.35	460.46
699.381	460.46
699.412	437.46
699.443	428.46
699.474	442.46
699.505	418.46
699.536	441.46
699.567	391.46
699.598	380.46
699.629	409.46
699.66	380.46
699.691	431.46
699.722	412.46
699.752	428.46
699.783	431.46
699.814	431.46
699.845	449.46
699.876	429.46
699.907	382.46
699.938	378.46
699.969	386.46
700	376.46
700.031	396.46
700.061	395.46
700.092	408.46
700.123	379.46
700.154	365.46
700.185	436.46
700.216	429.46
700.247	419.46
700.278	410.46
700.308	463.46
700.339	475.46
700.37	497.46
700.401	497.46
700.432	528.46
700.463	544.46
700.493	528.46
700.524	565.46
700.555	584.46
700.586	557.46
700.617	576.46
700.648	568.46
700.678	585.46
700.709	540.46
700.74	537.46
700.771	498.46
700.802	473.46
700.833	471.46
700.863	439.46
700.894	463.46
700.925	425.46
700.956	419.46
700.987	414.46
701.017	421.46
701.048	427.46
701.079	435.46
701.11	414.46
701.14	418.46
701.171	403.46
701.202	398.46
701.233	379.46
701.264	381.46
701.294	378.46
701.325	370.46
701.356	456.46
701.387	412.46
701.417	387.46
701.448	384.46
701.479	397.46
701.51	390.46
701.54	391.46
701.571	407.46
701.602	363.46
701.633	402.46
701.663	399.46
701.694	426.46
701.725	394.46
701.755	397.46
701.786	416.46
701.817	390.46
701.848	412.46
701.878	429.46
701.909	435.46
701.94	438.46
701.97	432.46
702.001	465.46
702.032	467.46
702.063	512.46
702.093	486.46
702.124	516.46
702.155	513.46
702.185	532.46
702.216	573.46
702.247	564.46
702.277	599.46
702.308	599.46
702.339	667.46
702.369	703.46
702.4	694.46
702.431	730.46
702.461	749.46
702.492	806.46
702.523	784.46
702.553	814.46
702.584	820.46
702.615	783.46
702.645	757.46
702.676	757.46
702.706	690.46
702.737	676.46
702.768	639.46
702.798	641.46
702.829	632.46
702.86	562.46
702.89	558.46
702.921	561.46
702.951	549.46
702.982	526.46
703.013	502.46
703.043	535.46
703.074	516.46
703.104	471.46
703.135	465.46
703.166	459.46
703.196	484.46
703.227	466.46
703.257	429.46
703.288	425.46
703.318	422.46
703.349	394.46
703.38	418.46
703.41	429.46
703.441	425.46
703.471	387.46
703.502	391.46
703.532	406.46
703.563	366.46
703.593	368.46
703.624	369.46
703.655	383.46
703.685	405.46
703.716	381.46
703.746	388.46
703.777	387.46
703.807	373.46
703.838	357.46
703.868	366.46
703.899	341.46
703.929	357.46
703.96	368.46
703.99	396.46
704.021	365.46
704.051	342.46
704.082	321.46
704.112	350.46
704.143	353.46
704.173	360.46
704.204	385.46
704.234	400.46
704.265	391.46
704.295	400.46
704.326	464.46
704.356	485.46
704.387	499.46
704.417	488.46
704.448	450.46
704.478	444.46
704.509	434.46
704.539	445.46
704.57	473.46
704.6	487.46
704.63	467.46
704.661	468.46
704.691	451.46
704.722	462.46
704.752	479.46
704.783	483.46
704.813	501.46
704.843	543.46
704.874	490.46
704.904	505.46
704.935	538.46
704.965	498.46
704.996	539.46
705.026	506.46
705.056	486.46
705.087	519.46
705.117	521.46
705.148	525.46
705.178	551.46
705.208	563.46
705.239	537.46
705.269	563.46
705.3	543.46
705.33	541.46
705.36	551.46
705.391	542.46
705.421	550.46
705.451	571.46
705.482	575.46
705.512	591.46
705.543	626.46
705.573	682.46
705.603	693.46
705.634	717.46
705.664	688.46
705.694	699.46
705.725	731.46
705.755	735.46
705.785	747.46
705.816	753.46
705.846	772.46
705.876	752.46
705.907	780.46
705.937	775.46
705.967	791.46
705.998	818.46
706.028	772.46
706.058	802.46
706.089	810.46
706.119	812.46
706.149	806.46
706.179	806.46
706.21	777.46
706.24	777.46
706.27	768.46
706.301	753.46
706.331	776.46
706.361	777.46
706.391	786.46
706.422	769.46
706.452	768.46
706.482	773.46
706.513	748.46
706.543	755.46
706.573	761.46
706.603	773.46
706.634	806.46
706.664	758.46
706.694	748.46
706.724	802.46
706.755	804.46
706.785	781.46
706.815	788.46
706.845	776.46
706.876	752.46
706.906	694.46
706.936	678.46
706.966	686.46
706.996	724.46
707.027	685.46
707.057	689.46
707.087	762.46
707.117	762.46
707.148	773.46
707.178	773.46
707.208	775.46
707.238	751.46
707.268	744.46
707.299	808.46
707.329	750.46
707.359	829.46
707.389	786.46
707.419	831.46
707.449	853.46
707.48	826.46
707.51	799.46
707.54	848.46
707.57	784.46
707.6	774.46
707.63	804.46
707.661	840.46
707.691	829.46
707.721	815.46
707.751	801.46
707.781	820.46
707.811	814.46
707.842	820.46
707.872	814.46
707.902	778.46
707.932	808.46
707.962	841.46
707.992	813.46
708.022	790.46
708.052	831.46
708.083	819.46
708.113	841.46
708.143	833.46
708.173	850.46
708.203	821.46
708.233	817.46
708.263	861.46
708.293	855.46
708.323	833.46
708.353	875.46
708.384	868.46
708.414	870.46
708.444	887.46
708.474	892.46
708.504	876.46
708.534	885.46
708.564	848.46
708.594	866.46
708.624	824.46
708.654	791.46
708.684	776.46
708.714	749.46
708.744	741.46
708.774	766.46
708.804	764.46
708.835	744.46
708.865	813.46
708.895	812.46
708.925	823.46
708.955	838.46
708.985	827.46
709.015	825.46
709.045	831.46
709.075	802.46
709.105	792.46
709.135	786.46
709.165	758.46
709.195	761.46
709.225	788.46
709.255	774.46
709.285	748.46
709.315	737.46
709.345	740.46
709.375	733.46
709.405	745.46
709.435	797.46
709.465	788.46
709.495	770.46
709.525	798.46
709.555	836.46
709.585	850.46
709.615	787.46
709.645	804.46
709.675	764.46
709.705	765.46
709.734	748.46
709.764	739.46
709.794	765.46
709.824	776.46
709.854	755.46
709.884	722.46
709.914	697.46
709.944	744.46
709.974	730.46
710.004	726.46
710.034	700.46
710.064	737.46
710.094	706.46
710.124	696.46
710.154	705.46
710.183	689.46
710.213	697.46
710.243	678.46
710.273	663.46
710.303	687.46
710.333	688.46
710.363	701.46
710.393	698.46
710.423	665.46
710.453	692.46
710.482	671.46
710.512	662.46
710.542	624.46
710.572	643.46
710.602	616.46
710.632	659.46
710.662	631.46
710.692	672.46
710.721	659.46
710.751	635.46
710.781	596.46
710.811	638.46
710.841	611.46
710.871	594.46
710.901	589.46
710.93	581.46
710.96	592.46
710.99	568.46
711.02	559.46
711.05	575.46
711.08	551.46
711.109	575.46
711.139	561.46
711.169	588.46
711.199	591.46
711.229	556.46
711.258	600.46
711.288	628.46
711.318	611.46
711.348	606.46
711.378	579.46
711.407	614.46
711.437	595.46
711.467	605.46
711.497	626.46
711.527	593.46
711.556	567.46
711.586	553.46
711.616	584.46
711.646	614.46
711.675	593.46
711.705	595.46
711.735	620.46
711.765	624.46
711.794	559.46
711.824	569.46
711.854	557.46
711.884	578.46
711.913	595.46
711.943	589.46
711.973	606.46
712.003	645.46
712.032	667.46
712.062	626.46
712.092	649.46
712.122	645.46
712.151	638.46
712.181	634.46
712.211	622.46
712.24	653.46
712.27	680.46
712.3	690.46
712.33	723.46
712.359	711.46
712.389	737.46
712.419	745.46
712.448	768.46
712.478	748.46
712.508	792.46
712.537	795.46
712.567	764.46
712.597	800.46
712.626	815.46
712.656	833.46
712.686	818.46
712.715	836.46
712.745	818.46
712.775	805.46
712.804	828.46
712.834	823.46
712.864	814.46
712.893	853.46
712.923	824.46
712.953	873.46
712.982	856.46
713.012	883.46
713.042	910.46
713.071	899.46
713.101	934.46
713.13	916.46
713.16	939.46
713.19	940.46
713.219	948.46
713.249	949.46
713.278	908.46
713.308	949.46
713.338	987.46
713.367	1040.46
713.397	1048.46
713.426	1049.46
713.456	1043.46
713.486	1054.46
713.515	988.46
713.545	1014.46
713.574	1080.46
713.604	1021.46
713.634	1059.46
713.663	1062.46
713.693	1117.46
713.722	1193.46
713.752	1157.46
713.781	1206.46
713.811	1209.46
713.84	1223.46
713.87	1193.46
713.9	1215.46
713.929	1180.46
713.959	1189.46
713.988	1189.46
714.018	1172.46
714.047	1232.46
714.077	1244.46
714.106	1226.46
714.136	1223.46
714.165	1253.46
714.195	1278.46
714.224	1258.46
714.254	1278.46
714.283	1300.46
714.313	1305.46
714.342	1317.46
714.372	1408.46
714.401	1399.46
714.431	1361.46
714.46	1361.46
714.49	1362.46
714.519	1302.46
714.549	1309.46
714.578	1346.46
714.608	1286.46
714.637	1293.46
714.667	1322.46
714.696	1302.46
714.726	1271.46
714.755	1251.46
714.785	1242.46
714.814	1276.46
714.844	1244.46
714.873	1257.46
714.902	1361.46
714.932	1333.46
714.961	1324.46
714.991	1333.46
715.02	1300.46
715.05	1227.46
715.079	1250.46
715.108	1244.46
715.138	1252.46
715.167	1270.46
715.197	1271.46
715.226	1294.46
715.256	1302.46
715.285	1284.46
715.314	1271.46
715.344	1285.46
715.373	1279.46
715.403	1257.46
715.432	1245.46
715.461	1272.46
715.491	1265.46
715.52	1258.46
715.549	1316.46
715.579	1275.46
715.608	1301.46
715.638	1326.46
715.667	1356.46
715.696	1358.46
715.726	1446.46
715.755	1488.46
715.784	1396.46
715.814	1398.46
715.843	1381.46
715.873	1294.46
715.902	1297.46
715.931	1236.46
715.961	1289.46
715.99	1219.46
716.019	1223.46
716.049	1253.46
716.078	1301.46
716.107	1368.46
716.137	1408.46
716.166	1390.46
716.195	1405.46
716.224	1395.46
716.254	1366.46
716.283	1307.46
716.312	1291.46
716.342	1289.46
716.371	1265.46
716.4	1235.46
716.43	1239.46
716.459	1281.46
716.488	1282.46
716.517	1296.46
716.547	1274.46
716.576	1256.46
716.605	1214.46
716.635	1165.46
716.664	1169.46
716.693	1142.46
716.722	1131.46
716.752	1102.46
716.781	1126.46
716.81	1090.46
716.839	1129.46
716.869	1137.46
716.898	1122.46
716.927	1133.46
716.956	1141.46
716.986	1129.46
717.015	1131.46
717.044	1109.46
717.073	1106.46
717.103	1124.46
717.132	1118.46
717.161	1166.46
717.19	1150.46
717.219	1132.46
717.249	1139.46
717.278	1082.46
717.307	1018.46
717.336	1008.46
717.365	1004.46
717.395	985.46
717.424	968.46
717.453	998.46
717.482	1008.46
717.511	1031.46
717.541	1088.46
717.57	1060.46
717.599	1042.46
717.628	1082.46
717.657	1095.46
717.686	1099.46
717.716	1077.46
717.745	1098.46
717.774	1096.46
717.803	1111.46
717.832	1082.46
717.861	1110.46
717.891	1077.46
717.92	1052.46
717.949	1028.46
717.978	1043.46
718.007	1080.46
718.036	1051.46
718.065	1094.46
718.095	1051.46
718.124	1075.46
718.153	1090.46
718.182	1043.46
718.211	1059.46
718.24	1076.46
718.269	1043.46
718.298	1071.46
718.327	1035.46
718.357	1045.46
718.386	1058.46
718.415	1043.46
718.444	1129.46
718.473	1104.46
718.502	1102.46
718.531	1095.46
718.56	1049.46
718.589	1046.46
718.618	1029.46
718.647	989.46
718.676	951.46
718.706	1001.46
718.735	954.46
718.764	960.46
718.793	914.46
718.822	941.46
718.851	944.46
718.88	939.46
718.909	967.46
718.938	950.46
718.967	954.46
718.996	979.46
719.025	978.46
719.054	919.46
719.083	955.46
719.112	908.46
719.141	929.46
719.17	842.46
719.199	867.46
719.228	849.46
719.257	864.46
719.286	839.46
719.315	912.46
719.344	914.46
719.373	896.46
719.402	943.46
719.431	952.46
719.46	940.46
719.489	951.46
719.518	943.46
719.547	929.46
719.576	955.46
719.605	944.46
719.634	945.46
719.663	948.46
719.692	927.46
719.721	944.46
719.75	951.46
719.779	997.46
719.808	959.46
719.837	995.46
719.866	1004.46
719.895	1008.46
719.924	1020.46
719.953	1035.46
719.981	1006.46
720.01	1035.46
720.039	999.46
720.068	1009.46
720.097	957.46
720.126	981.46
720.155	950.46
720.184	936.46
720.213	920.46
720.242	904.46
720.271	903.46
720.3	889.46
720.328	897.46
720.357	909.46
720.386	884.46
720.415	933.46
720.444	887.46
720.473	905.46
720.502	894.46
720.531	904.46
720.56	918.46
720.588	878.46
720.617	869.46
720.646	840.46
720.675	824.46
720.704	865.46
720.733	840.46
720.762	851.46
720.79	853.46
720.819	891.46
720.848	860.46
720.877	874.46
720.906	860.46
720.935	826.46
720.964	844.46
720.992	832.46
721.021	860.46
721.05	833.46
721.079	878.46
721.108	848.46
721.136	868.46
721.165	878.46
721.194	874.46
721.223	918.46
721.252	902.46
721.281	926.46
721.309	921.46
721.338	909.46
721.367	895.46
721.396	927.46
721.424	888.46
721.453	884.46
721.482	877.46
721.511	885.46
721.54	874.46
721.568	868.46
721.597	873.46
721.626	835.46
721.655	855.46
721.683	901.46
721.712	875.46
721.741	878.46
721.77	866.46
721.798	868.46
721.827	911.46
721.856	866.46
721.885	857.46
721.913	836.46
721.942	859.46
721.971	834.46
722	831.46
722.028	812.46
722.057	797.46
722.086	802.46
722.114	800.46
722.143	799.46
722.172	791.46
722.201	803.46
722.229	776.46
722.258	749.46
722.287	784.46
722.315	750.46
722.344	757.46
722.373	792.46
722.402	795.46
722.43	776.46
722.459	767.46
722.488	767.46
722.516	751.46
722.545	731.46
722.574	750.46
722.602	756.46
722.631	747.46
722.66	737.46
722.688	733.46
722.717	706.46
722.746	760.46
722.774	690.46
722.803	685.46
722.831	686.46
722.86	713.46
722.889	704.46
722.917	710.46
722.946	696.46
722.975	672.46
723.003	675.46
723.032	640.46
723.061	675.46
723.089	674.46
723.118	696.46
723.146	671.46
723.175	702.46
723.204	665.46
723.232	660.46
723.261	693.46
723.289	658.46
723.318	665.46
723.347	661.46
723.375	679.46
723.404	667.46
723.432	650.46
723.461	644.46
723.489	649.46
723.518	645.46
723.547	638.46
723.575	625.46
723.604	622.46
723.632	625.46
723.661	647.46
723.689	630.46
723.718	626.46
723.746	650.46
723.775	656.46
723.804	660.46
723.832	639.46
723.861	651.46
723.889	617.46
723.918	603.46
723.946	574.46
723.975	590.46
724.003	599.46
724.032	597.46
724.06	583.46
724.089	590.46
724.117	554.46
724.146	568.46
724.174	592.46
724.203	625.46
724.231	603.46
724.26	565.46
724.288	579.46
724.317	570.46
724.345	552.46
724.374	532.46
724.402	549.46
724.431	540.46
724.459	550.46
724.488	527.46
724.516	538.46
724.545	545.46
724.573	529.46
724.602	541.46
724.63	539.46
724.658	547.46
724.687	529.46
724.715	517.46
724.744	513.46
724.772	514.46
724.801	537.46
724.829	537.46
724.858	514.46
724.886	507.46
724.914	521.46
724.943	534.46
724.971	550.46
725	551.46
725.028	533.46
725.057	530.46
725.085	526.46
725.113	508.46
725.142	511.46
725.17	488.46
725.199	534.46
725.227	513.46
725.255	514.46
725.284	568.46
725.312	560.46
725.34	544.46
725.369	575.46
725.397	532.46
725.426	556.46
725.454	560.46
725.482	516.46
725.511	507.46
725.539	508.46
725.567	526.46
725.596	562.46
725.624	511.46
725.652	540.46
725.681	561.46
725.709	583.46
725.738	543.46
725.766	563.46
725.794	523.46
725.823	492.46
725.851	536.46
725.879	504.46
725.908	509.46
725.936	525.46
725.964	519.46
725.992	543.46
726.021	531.46
726.049	510.46
726.077	540.46
726.106	556.46
726.134	546.46
726.162	540.46
726.191	490.46
726.219	485.46
726.247	538.46
726.275	509.46
726.304	522.46
726.332	530.46
726.36	499.46
726.389	505.46
726.417	545.46
726.445	546.46
726.473	565.46
726.502	548.46
726.53	576.46
726.558	565.46
726.586	533.46
726.615	548.46
726.643	517.46
726.671	537.46
726.699	519.46
726.728	519.46
726.756	500.46
726.784	500.46
726.812	512.46
726.841	526.46
726.869	490.46
726.897	540.46
726.925	530.46
726.953	532.46
726.982	526.46
727.01	510.46
727.038	507.46
727.066	466.46
727.094	483.46
727.123	525.46
727.151	527.46
727.179	541.46
727.207	502.46
727.235	518.46
727.264	487.46
727.292	545.46
727.32	508.46
727.348	519.46
727.376	515.46
727.404	568.46
727.433	550.46
727.461	480.46
727.489	498.46
727.517	478.46
727.545	535.46
727.573	533.46
727.601	543.46
727.63	557.46
727.658	545.46
727.686	559.46
727.714	571.46
727.742	554.46
727.77	530.46
727.798	544.46
727.827	540.46
727.855	596.46
727.883	593.46
727.911	586.46
727.939	581.46
727.967	572.46
727.995	575.46
728.023	581.46
728.051	581.46
728.08	578.46
728.108	564.46
728.136	577.46
728.164	534.46
728.192	570.46
728.22	575.46
728.248	565.46
728.276	545.46
728.304	543.46
728.332	527.46
728.36	543.46
728.388	510.46
728.416	503.46
728.444	492.46
728.473	532.46
728.501	527.46
728.529	540.46
728.557	558.46
728.585	503.46
728.613	506.46
728.641	534.46
728.669	557.46
728.697	548.46
728.725	540.46
728.753	547.46
728.781	526.46
728.809	519.46
728.837	542.46
728.865	539.46
728.893	507.46
728.921	521.46
728.949	507.46
728.977	519.46
729.005	501.46
729.033	494.46
729.061	455.46
729.089	436.46
729.117	480.46
729.145	483.46
729.173	500.46
729.201	487.46
729.229	496.46
729.257	470.46
729.285	464.46
729.313	447.46
729.341	465.46
729.369	444.46
729.397	409.46
729.425	471.46
729.453	410.46
729.48	427.46
729.508	466.46
729.536	459.46
729.564	441.46
729.592	450.46
729.62	448.46
729.648	437.46
729.676	462.46
729.704	444.46
729.732	436.46
729.76	436.46
729.788	435.46
729.816	479.46
729.844	500.46
729.871	484.46
729.899	483.46
729.927	487.46
729.955	448.46
729.983	467.46
730.011	467.46
730.039	450.46
730.067	454.46
730.095	429.46
730.122	442.46
730.15	416.46
730.178	439.46
730.206	448.46
730.234	401.46
730.262	432.46
730.29	432.46
730.317	422.46
730.345	415.46
730.373	417.46
730.401	417.46
730.429	399.46
730.457	398.46
730.485	397.46
730.512	391.46
730.54	405.46
730.568	360.46
730.596	349.46
730.624	368.46
730.652	369.46
730.679	399.46
730.707	364.46
730.735	365.46
730.763	393.46
730.791	379.46
730.818	372.46
730.846	379.46
730.874	386.46
730.902	404.46
730.93	362.46
730.957	373.46
730.985	394.46
731.013	356.46
731.041	383.46
731.069	376.46
731.096	358.46
731.124	354.46
731.152	372.46
731.18	350.46
731.207	354.46
731.235	312.46
731.263	336.46
731.291	366.46
731.318	361.46
731.346	387.46
731.374	347.46
731.402	354.46
731.429	364.46
731.457	359.46
731.485	390.46
731.513	382.46
731.54	380.46
731.568	390.46
731.596	365.46
731.623	341.46
731.651	353.46
731.679	398.46
731.707	372.46
731.734	376.46
731.762	395.46
731.79	339.46
731.817	369.46
731.845	390.46
731.873	358.46
731.9	374.46
731.928	362.46
731.956	371.46
731.983	402.46
732.011	354.46
732.039	343.46
732.067	363.46
732.094	381.46
732.122	363.46
732.149	405.46
732.177	407.46
732.205	371.46
732.232	356.46
732.26	363.46
732.288	386.46
732.315	367.46
732.343	337.46
732.371	324.46
732.398	346.46
732.426	341.46
732.454	342.46
732.481	334.46
732.509	335.46
732.536	382.46
732.564	360.46
732.592	342.46
732.619	382.46
732.647	353.46
732.674	369.46
732.702	356.46
732.73	368.46
732.757	389.46
732.785	372.46
732.812	405.46
732.84	348.46
732.868	353.46
732.895	362.46
732.923	367.46
732.95	331.46
732.978	352.46
733.006	354.46
733.033	356.46
733.061	335.46
733.088	331.46
733.116	320.46
733.143	320.46
733.171	330.46
733.198	351.46
733.226	366.46
733.253	356.46
733.281	351.46
733.309	363.46
733.336	319.46
733.364	357.46
733.391	340.46
733.419	363.46
733.446	357.46
733.474	337.46
733.501	350.46
733.529	377.46
733.556	363.46
733.584	375.46
733.611	371.46
733.639	372.46
733.666	385.46
733.694	373.46
733.721	369.46
733.749	365.46
733.776	348.46
733.804	377.46
733.831	355.46
733.859	376.46
733.886	393.46
733.914	374.46
733.941	347.46
733.969	366.46
733.996	372.46
734.023	372.46
734.051	375.46
734.078	372.46
734.106	340.46
734.133	341.46
734.161	393.46
734.188	357.46
734.216	359.46
734.243	359.46
734.27	357.46
734.298	320.46
734.325	365.46
734.353	340.46
734.38	332.46
734.408	322.46
734.435	362.46
734.462	355.46
734.49	360.46
734.517	364.46
734.545	343.46
734.572	333.46
734.599	320.46
734.627	309.46
734.654	322.46
734.682	313.46
734.709	311.46
734.736	302.46
734.764	270.46
734.791	295.46
734.818	328.46
734.846	309.46
734.873	289.46
734.901	314.46
734.928	311.46
734.955	306.46
734.983	323.46
735.01	327.46
735.037	289.46
735.065	312.46
735.092	312.46
735.119	312.46
735.147	295.46
735.174	327.46
735.201	311.46
735.229	320.46
735.256	323.46
735.283	316.46
735.311	298.46
735.338	291.46
735.365	271.46
735.393	293.46
735.42	267.46
735.447	283.46
735.474	269.46
735.502	306.46
735.529	274.46
735.556	311.46
735.584	291.46
735.611	319.46
735.638	281.46
735.665	311.46
735.693	324.46
735.72	312.46
735.747	319.46
735.775	309.46
735.802	281.46
735.829	304.46
735.856	278.46
735.884	294.46
735.911	306.46
735.938	300.46
735.965	293.46
735.993	299.46
736.02	305.46
736.047	262.46
736.074	255.46
736.101	269.46
736.129	270.46
736.156	250.46
736.183	266.46
736.21	259.46
736.238	280.46
736.265	274.46
736.292	258.46
736.319	260.46
736.346	284.46
736.374	266.46
736.401	270.46
736.428	287.46
736.455	320.46
736.482	287.46
736.51	268.46
736.537	269.46
736.564	255.46
736.591	319.46
736.618	284.46
736.645	252.46
736.673	247.46
736.7	244.46
736.727	255.46
736.754	220.46
736.781	254.46
736.808	257.46
736.836	262.46
736.863	260.46
736.89	239.46
736.917	256.46
736.944	245.46
736.971	258.46
736.998	247.46
737.026	265.46
737.053	257.46
737.08	258.46
737.107	249.46
737.134	246.46
737.161	232.46
737.188	285.46
737.215	267.46
737.242	274.46
737.27	238.46
737.297	233.46
737.324	256.46
737.351	276.46
737.378	258.46
737.405	240.46
737.432	239.46
737.459	230.46
737.486	237.46
737.513	248.46
737.54	228.46
737.568	264.46
737.595	245.46
737.622	233.46
737.649	266.46
737.676	282.46
737.703	247.46
737.73	257.46
737.757	221.46
737.784	268.46
737.811	262.46
737.838	230.46
737.865	248.46
737.892	278.46
737.919	277.46
737.946	264.46
737.973	260.46
738	254.46
738.027	252.46
738.054	256.46
738.081	237.46
738.108	238.46
738.135	246.46
738.162	244.46
738.189	238.46
738.216	246.46
738.243	239.46
738.27	243.46
738.297	237.46
738.324	232.46
738.351	238.46
738.378	236.46
738.405	251.46
738.432	228.46
738.459	210.46
738.486	206.46
738.513	234.46
738.54	221.46
738.567	228.46
738.594	221.46
738.621	219.46
738.648	253.46
738.675	219.46
738.702	223.46
738.729	214.46
738.756	223.46
738.783	205.46
738.809	229.46
738.836	217.46
738.863	209.46
738.89	220.46
738.917	190.46
738.944	181.46
738.971	223.46
738.998	228.46
739.025	234.46
739.052	241.46
739.079	208.46
739.105	239.46
739.132	204.46
739.159	212.46
739.186	236.46
739.213	236.46
739.24	215.46
739.267	247.46
739.294	230.46
739.321	205.46
739.347	240.46
739.374	223.46
739.401	216.46
739.428	230.46
739.455	212.46
739.482	232.46
739.509	219.46
739.535	196.46
739.562	203.46
739.589	195.46
739.616	206.46
739.643	213.46
739.67	220.46
739.696	230.46
739.723	198.46
739.75	195.46
739.777	221.46
739.804	223.46
739.831	226.46
739.857	228.46
739.884	240.46
739.911	228.46
739.938	195.46
739.965	223.46
739.991	214.46
740.018	216.46
740.045	193.46
740.072	205.46
740.099	207.46
740.125	217.46
740.152	220.46
740.179	205.46
740.206	220.46
740.233	225.46
740.259	214.46
740.286	209.46
740.313	209.46
740.34	215.46
740.366	199.46
740.393	222.46
740.42	195.46
740.447	206.46
740.473	207.46
740.5	190.46
740.527	206.46
740.554	223.46
740.58	206.46
740.607	212.46
740.634	215.46
740.66	225.46
740.687	210.46
740.714	195.46
740.741	209.46
740.767	222.46
740.794	224.46
740.821	204.46
740.847	203.46
740.874	197.46
740.901	213.46
740.928	228.46
740.954	228.46
740.981	225.46
741.008	240.46
741.034	224.46
741.061	212.46
741.088	246.46
741.114	235.46
741.141	227.46
741.168	225.46
741.194	217.46
741.221	188.46
741.248	183.46
741.274	196.46
741.301	219.46
741.328	223.46
741.354	219.46
741.381	219.46
741.408	210.46
741.434	229.46
741.461	209.46
741.487	209.46
741.514	190.46
741.541	203.46
741.567	217.46
741.594	222.46
741.621	208.46
741.647	216.46
741.674	207.46
741.7	209.46
741.727	221.46
741.754	232.46
741.78	220.46
741.807	228.46
741.833	224.46
741.86	235.46
741.887	211.46
741.913	228.46
741.94	218.46
741.966	193.46
741.993	210.46
742.019	186.46
742.046	204.46
742.073	214.46
742.099	222.46
742.126	205.46
742.152	215.46
742.179	190.46
742.205	174.46
742.232	203.46
742.258	188.46
742.285	204.46
742.311	203.46
742.338	205.46
742.365	232.46
742.391	220.46
742.418	221.46
742.444	212.46
742.471	214.46
742.497	198.46
742.524	203.46
742.55	219.46
742.577	201.46
742.603	214.46
742.63	196.46
742.656	208.46
742.683	239.46
742.709	247.46
742.736	251.46
742.762	235.46
742.789	229.46
742.815	212.46
742.842	238.46
742.868	257.46
742.895	225.46
742.921	229.46
742.947	239.46
742.974	226.46
743	216.46
743.027	223.46
743.053	221.46
743.08	227.46
743.106	225.46
743.133	217.46
743.159	225.46
743.186	231.46
743.212	228.46
743.238	206.46
743.265	201.46
743.291	224.46
743.318	225.46
743.344	209.46
743.371	195.46
743.397	219.46
743.423	192.46
743.45	224.46
743.476	223.46
743.503	232.46
743.529	242.46
743.555	247.46
743.582	213.46
743.608	198.46
743.635	219.46
743.661	185.46
743.687	204.46
743.714	209.46
743.74	197.46
743.766	204.46
743.793	197.46
743.819	192.46
743.846	209.46
743.872	227.46
743.898	199.46
743.925	210.46
743.951	220.46
743.977	231.46
744.004	227.46
744.03	213.46
744.056	204.46
744.083	207.46
744.109	195.46
744.135	203.46
744.162	201.46
744.188	180.46
744.214	195.46
744.241	217.46
744.267	194.46
744.293	186.46
744.32	190.46
744.346	181.46
744.372	196.46
744.398	218.46
744.425	202.46
744.451	206.46
744.477	205.46
744.504	222.46
744.53	200.46
744.556	204.46
744.582	205.46
744.609	195.46
744.635	225.46
744.661	208.46
744.688	189.46
744.714	217.46
744.74	202.46
744.766	170.46
744.793	196.46
744.819	215.46
744.845	183.46
744.871	206.46
744.898	203.46
744.924	204.46
744.95	215.46
744.976	216.46
745.003	200.46
745.029	190.46
745.055	209.46
745.081	205.46
745.107	193.46
745.134	203.46
745.16	198.46
745.186	224.46
745.212	223.46
745.238	204.46
745.265	207.46
745.291	213.46
745.317	212.46
745.343	193.46
745.369	228.46
745.396	228.46
745.422	217.46
745.448	162.46
745.474	206.46
745.5	203.46
745.526	191.46
745.553	209.46
745.579	206.46
745.605	227.46
745.631	214.46
745.657	215.46
745.683	218.46
745.71	187.46
745.736	215.46
745.762	189.46
745.788	194.46
745.814	238.46
745.84	215.46
745.866	196.46
745.893	209.46
745.919	209.46
745.945	211.46
745.971	196.46
745.997	230.46
746.023	202.46
746.049	196.46
746.075	195.46
746.101	187.46
746.128	223.46
746.154	211.46
746.18	193.46
746.206	208.46
746.232	196.46
746.258	226.46
746.284	205.46
746.31	189.46
746.336	187.46
746.362	189.46
746.388	168.46
746.414	194.46
746.441	185.46
746.467	178.46
746.493	181.46
746.519	227.46
746.545	181.46
746.571	186.46
746.597	201.46
746.623	210.46
746.649	185.46
746.675	187.46
746.701	197.46
746.727	172.46
746.753	203.46
746.779	208.46
746.805	187.46
746.831	200.46
746.857	191.46
746.883	201.46
746.909	176.46
746.935	169.46
746.961	182.46
746.987	211.46
747.013	179.46
747.039	166.46
747.065	206.46
747.091	204.46
747.117	184.46
747.143	191.46
747.169	187.46
747.195	222.46
747.221	189.46
747.247	203.46
747.273	202.46
747.299	180.46
747.325	183.46
747.351	211.46
747.377	163.46
747.403	165.46
747.429	196.46
747.455	204.46
747.481	179.46
747.507	168.46
747.532	147.46
747.558	177.46
747.584	190.46
747.61	193.46
747.636	203.46
747.662	183.46
747.688	177.46
747.714	182.46
747.74	189.46
747.766	147.46
747.792	183.46
747.818	176.46
747.844	196.46
747.869	181.46
747.895	188.46
747.921	177.46
747.947	171.46
747.973	158.46
747.999	200.46
748.025	198.46
748.051	171.46
748.076	171.46
748.102	185.46
748.128	169.46
748.154	153.46
748.18	150.46
748.206	181.46
748.232	173.46
748.258	147.46
748.283	196.46
748.309	174.46
748.335	166.46
748.361	162.46
748.387	196.46
748.413	179.46
748.438	208.46
748.464	169.46
748.49	166.46
748.516	184.46
748.542	177.46
748.568	160.46
748.593	197.46
748.619	196.46
748.645	182.46
748.671	212.46
748.697	207.46
748.722	183.46
748.748	187.46
748.774	188.46
748.8	180.46
748.826	167.46
748.851	169.46
748.877	161.46
748.903	158.46
748.929	193.46
748.954	191.46
748.98	177.46
749.006	181.46
749.032	170.46
749.057	159.46
749.083	159.46
749.109	165.46
749.135	185.46
749.16	166.46
749.186	171.46
749.212	147.46
749.238	158.46
749.263	162.46
749.289	152.46
749.315	158.46
749.341	140.46
749.366	169.46
749.392	200.46
749.418	185.46
749.443	169.46
749.469	173.46
749.495	186.46
749.521	161.46
749.546	153.46
749.572	181.46
749.598	182.46
749.623	162.46
749.649	184.46
749.675	164.46
749.7	152.46
749.726	153.46
749.752	160.46
749.777	154.46
749.803	178.46
749.829	184.46
749.854	170.46
749.88	140.46
749.906	164.46
749.931	190.46
749.957	158.46
749.983	134.46
750.008	153.46
750.034	176.46
750.06	165.46
750.085	120.46
750.111	154.46
750.137	150.46
750.162	161.46
750.188	169.46
750.213	158.46
750.239	157.46
750.265	155.46
750.29	138.46
750.316	148.46
750.342	183.46
750.367	160.46
750.393	170.46
750.418	125.46
750.444	158.46
750.47	146.46
750.495	142.46
750.521	191.46
750.546	165.46
750.572	157.46
750.597	159.46
750.623	168.46
750.649	148.46
750.674	160.46
750.7	173.46
750.725	157.46
750.751	141.46
750.776	144.46
750.802	132.46
750.827	119.46
750.853	124.46
750.879	167.46
750.904	122.46
750.93	145.46
750.955	130.46
750.981	161.46
751.006	145.46
751.032	152.46
751.057	130.46
751.083	149.46
751.108	110.46
751.134	118.46
751.159	146.46
751.185	128.46
751.21	135.46
751.236	129.46
751.261	110.46
751.287	124.46
751.312	131.46
751.338	136.46
751.363	127.46
751.389	118.46
751.414	111.46
751.44	152.46
751.465	129.46
751.491	171.46
751.516	133.46
751.542	116.46
751.567	137.46
751.593	129.46
751.618	135.46
751.643	132.46
751.669	141.46
751.694	138.46
751.72	156.46
751.745	152.46
751.771	167.46
751.796	150.46
751.822	142.46
751.847	183.46
751.872	152.46
751.898	138.46
751.923	146.46
751.949	150.46
751.974	150.46
751.999	157.46
752.025	167.46
752.05	141.46
752.076	104.46
752.101	141.46
752.126	161.46
752.152	176.46
752.177	146.46
752.203	119.46
752.228	126.46
752.253	162.46
752.279	140.46
752.304	123.46
752.33	153.46
752.355	150.46
752.38	145.46
752.406	151.46
752.431	165.46
752.456	162.46
752.482	135.46
752.507	173.46
752.532	140.46
752.558	169.46
752.583	155.46
752.608	138.46
752.634	143.46
752.659	136.46
752.684	159.46
752.71	158.46
752.735	146.46
752.76	161.46
752.786	161.46
752.811	164.46
752.836	148.46
752.862	148.46
752.887	148.46
752.912	173.46
752.938	143.46
752.963	136.46
752.988	131.46
753.013	141.46
753.039	144.46
753.064	159.46
753.089	142.46
753.115	185.46
753.14	160.46
753.165	167.46
753.19	172.46
753.216	156.46
753.241	137.46
753.266	143.46
753.291	128.46
753.317	147.46
753.342	164.46
753.367	150.46
753.392	156.46
753.418	150.46
753.443	157.46
753.468	164.46
753.493	147.46
753.519	141.46
753.544	156.46
753.569	149.46
753.594	157.46
753.619	150.46
753.645	147.46
753.67	150.46
753.695	139.46
753.72	172.46
753.745	153.46
753.771	158.46
753.796	148.46
753.821	173.46
753.846	158.46
753.871	146.46
753.897	172.46
753.922	185.46
753.947	167.46
753.972	195.46
753.997	144.46
754.022	162.46
754.048	161.46
754.073	166.46
754.098	143.46
754.123	156.46
754.148	131.46
754.173	153.46
754.199	177.46
754.224	150.46
754.249	138.46
754.274	168.46
754.299	166.46
754.324	137.46
754.349	149.46
754.374	141.46
754.4	171.46
754.425	168.46
754.45	147.46
754.475	153.46
754.5	141.46
754.525	161.46
754.55	149.46
754.575	179.46
754.6	176.46
754.626	160.46
754.651	179.46
754.676	167.46
754.701	162.46
754.726	160.46
754.751	176.46
754.776	176.46
754.801	160.46
754.826	162.46
754.851	160.46
754.876	163.46
754.901	156.46
754.926	152.46
754.951	165.46
754.977	169.46
755.002	150.46
755.027	148.46
755.052	165.46
755.077	172.46
755.102	164.46
755.127	161.46
755.152	143.46
755.177	155.46
755.202	157.46
755.227	171.46
755.252	158.46
755.277	156.46
755.302	158.46
755.327	134.46
755.352	157.46
755.377	149.46
755.402	151.46
755.427	156.46
755.452	161.46
755.477	162.46
755.502	152.46
755.527	157.46
755.552	163.46
755.577	169.46
755.602	160.46
755.627	142.46
755.652	155.46
755.677	171.46
755.702	176.46
755.727	162.46
755.752	180.46
755.777	171.46
755.802	156.46
755.826	171.46
755.851	164.46
755.876	162.46
755.901	188.46
755.926	160.46
755.951	148.46
755.976	146.46
756.001	142.46
756.026	166.46
756.051	156.46
756.076	165.46
756.101	163.46
756.126	158.46
756.15	136.46
756.175	143.46
756.2	152.46
756.225	153.46
756.25	140.46
756.275	183.46
756.3	160.46
756.325	175.46
756.35	151.46
756.375	172.46
756.399	153.46
756.424	151.46
756.449	178.46
756.474	157.46
756.499	190.46
756.524	167.46
756.549	151.46
756.573	155.46
756.598	151.46
756.623	149.46
756.648	175.46
756.673	161.46
756.698	164.46
756.723	144.46
756.747	154.46
756.772	158.46
756.797	190.46
756.822	192.46
756.847	191.46
756.871	177.46
756.896	163.46
756.921	160.46
756.946	181.46
756.971	164.46
756.996	149.46
757.02	152.46
757.045	145.46
757.07	150.46
757.095	160.46
757.12	191.46
757.144	178.46
757.169	194.46
757.194	178.46
757.219	208.46
757.243	168.46
757.268	186.46
757.293	214.46
757.318	174.46
757.342	180.46
757.367	155.46
757.392	186.46
757.417	197.46
757.441	196.46
757.466	196.46
757.491	184.46
757.516	177.46
757.54	178.46
757.565	195.46
757.59	178.46
757.615	195.46
757.639	171.46
757.664	197.46
757.689	211.46
757.714	184.46
757.738	162.46
757.763	181.46
757.788	173.46
757.812	168.46
757.837	171.46
757.862	201.46
757.886	196.46
757.911	178.46
757.936	186.46
757.961	174.46
757.985	147.46
758.01	161.46
758.035	167.46
758.059	161.46
758.084	194.46
758.109	187.46
758.133	193.46
758.158	187.46
758.183	204.46
758.207	198.46
758.232	164.46
758.256	165.46
758.281	139.46
758.306	180.46
758.33	160.46
758.355	173.46
758.38	148.46
758.404	178.46
758.429	208.46
758.454	202.46
758.478	158.46
758.503	177.46
758.527	183.46
758.552	174.46
758.577	163.46
758.601	178.46
758.626	135.46
758.65	159.46
758.675	172.46
758.7	156.46
758.724	192.46
758.749	156.46
758.773	175.46
758.798	157.46
758.823	165.46
758.847	180.46
758.872	163.46
758.896	178.46
758.921	161.46
758.945	165.46
758.97	163.46
758.995	172.46
759.019	179.46
759.044	145.46
759.068	157.46
759.093	177.46
759.117	153.46
759.142	157.46
759.166	180.46
759.191	175.46
759.215	135.46
759.24	163.46
759.264	159.46
759.289	168.46
759.313	159.46
759.338	141.46
759.363	150.46
759.387	136.46
759.412	157.46
759.436	175.46
759.461	192.46
759.485	181.46
759.51	192.46
759.534	163.46
759.558	158.46
759.583	146.46
759.607	177.46
759.632	150.46
759.656	152.46
759.681	168.46
759.705	161.46
759.73	195.46
759.754	163.46
759.779	189.46
759.803	191.46
759.828	183.46
759.852	162.46
759.877	199.46
759.901	205.46
759.925	160.46
759.95	162.46
759.974	148.46
759.999	175.46
760.023	170.46
760.048	156.46
760.072	164.46
760.096	171.46
760.121	157.46
760.145	160.46
760.17	160.46
760.194	177.46
760.218	177.46
760.243	159.46
760.267	150.46
760.292	158.46
760.316	166.46
760.34	195.46
760.365	155.46
760.389	161.46
760.414	158.46
760.438	151.46
760.462	146.46
760.487	178.46
760.511	161.46
760.535	171.46
760.56	176.46
760.584	164.46
760.608	151.46
760.633	179.46
760.657	135.46
760.682	151.46
760.706	176.46
760.73	188.46
760.755	145.46
760.779	143.46
760.803	173.46
760.828	166.46
760.852	141.46
760.876	174.46
760.901	134.46
760.925	175.46
760.949	140.46
760.973	150.46
760.998	167.46
761.022	150.46
761.046	163.46
761.071	172.46
761.095	160.46
761.119	140.46
761.144	166.46
761.168	165.46
761.192	157.46
761.216	167.46
761.241	188.46
761.265	165.46
761.289	147.46
761.313	171.46
761.338	171.46
761.362	164.46
761.386	153.46
761.41	185.46
761.435	185.46
761.459	139.46
761.483	129.46
761.507	138.46
761.532	181.46
761.556	149.46
761.58	183.46
761.604	175.46
761.629	156.46
761.653	162.46
761.677	183.46
761.701	187.46
761.725	168.46
761.75	165.46
761.774	172.46
761.798	156.46
761.822	181.46
761.847	140.46
761.871	163.46
761.895	141.46
761.919	165.46
761.943	158.46
761.967	152.46
761.992	136.46
762.016	162.46
762.04	155.46
762.064	152.46
762.088	152.46
762.112	168.46
762.137	162.46
762.161	196.46
762.185	200.46
762.209	162.46
762.233	169.46
762.257	195.46
762.282	166.46
762.306	176.46
762.33	168.46
762.354	195.46
762.378	174.46
762.402	167.46
762.426	151.46
762.45	174.46
762.475	180.46
762.499	152.46
762.523	162.46
762.547	151.46
762.571	148.46
762.595	138.46
762.619	151.46
762.643	141.46
762.667	149.46
762.692	143.46
762.716	160.46
762.74	183.46
762.764	167.46
762.788	149.46
762.812	190.46
762.836	172.46
762.86	171.46
762.884	196.46
762.908	165.46
762.932	169.46
762.956	175.46
762.98	182.46
763.004	168.46
763.028	190.46
763.053	164.46
763.077	161.46
763.101	181.46
763.125	173.46
763.149	161.46
763.173	162.46
763.197	152.46
763.221	162.46
763.245	140.46
763.269	144.46
763.293	159.46
763.317	175.46
763.341	168.46
763.365	164.46
763.389	170.46
763.413	182.46
763.437	173.46
763.461	156.46
763.485	177.46
763.509	156.46
763.533	124.46
763.557	183.46
763.581	188.46
763.605	161.46
763.629	168.46
763.653	164.46
763.677	174.46
763.701	175.46
763.725	151.46
763.748	140.46
763.772	175.46
763.796	167.46
763.82	159.46
763.844	174.46
763.868	181.46
763.892	152.46
763.916	140.46
763.94	147.46
763.964	148.46
763.988	141.46
764.012	152.46
764.036	132.46
764.06	176.46
764.084	164.46
764.107	156.46
764.131	158.46
764.155	163.46
764.179	166.46
764.203	141.46
764.227	153.46
764.251	129.46
764.275	145.46
764.299	131.46
764.322	121.46
764.346	147.46
764.37	181.46
764.394	146.46
764.418	158.46
764.442	190.46
764.466	162.46
764.49	169.46
764.513	161.46
764.537	150.46
764.561	155.46
764.585	121.46
764.609	139.46
764.633	140.46
764.657	146.46
764.68	170.46
764.704	156.46
764.728	157.46
764.752	151.46
764.776	143.46
764.799	148.46
764.823	143.46
764.847	113.46
764.871	135.46
764.895	158.46
764.919	152.46
764.942	197.46
764.966	135.46
764.99	145.46
765.014	164.46
765.038	174.46
765.061	138.46
765.085	149.46
765.109	160.46
765.133	136.46
765.156	167.46
765.18	155.46
765.204	153.46
765.228	148.46
765.251	160.46
765.275	150.46
765.299	145.46
765.323	132.46
765.346	125.46
765.37	120.46
765.394	113.46
765.418	120.46
765.441	131.46
765.465	143.46
765.489	148.46
765.513	153.46
765.536	145.46
765.56	156.46
765.584	163.46
765.608	188.46
765.631	137.46
765.655	141.46
765.679	141.46
765.702	168.46
765.726	132.46
765.75	131.46
765.773	140.46
765.797	158.46
765.821	151.46
765.845	144.46
765.868	151.46
765.892	173.46
765.916	155.46
765.939	132.46
765.963	153.46
765.987	149.46
766.01	151.46
766.034	158.46
766.058	144.46
766.081	163.46
766.105	143.46
766.128	137.46
766.152	138.46
766.176	178.46
766.199	113.46
766.223	137.46
766.247	144.46
766.27	141.46
766.294	132.46
766.318	118.46
766.341	142.46
766.365	155.46
766.388	128.46
766.412	141.46
766.436	129.46
766.459	123.46
766.483	139.46
766.506	136.46
766.53	165.46
766.554	141.46
766.577	152.46
766.601	157.46
766.624	153.46
766.648	129.46
766.672	139.46
766.695	108.46
766.719	150.46
766.742	143.46
766.766	152.46
766.789	165.46
766.813	119.46
766.836	134.46
766.86	152.46
766.884	133.46
766.907	141.46
766.931	147.46
766.954	113.46
766.978	137.46
767.001	150.46
767.025	108.46
767.048	135.46
767.072	155.46
767.095	119.46
767.119	121.46
767.142	117.46
767.166	149.46
767.189	148.46
767.213	119.46
767.236	134.46
767.26	124.46
767.283	140.46
767.307	146.46
767.33	154.46
767.354	156.46
767.377	135.46
767.401	135.46
767.424	142.46
767.448	142.46
767.471	125.46
767.495	134.46
767.518	143.46
767.542	152.46
767.565	147.46
767.589	148.46
767.612	143.46
767.636	127.46
767.659	116.46
767.682	121.46
767.706	158.46
767.729	163.46
767.753	128.46
767.776	128.46
767.8	134.46
767.823	135.46
767.846	145.46
767.87	139.46
767.893	141.46
767.917	148.46
767.94	120.46
767.964	145.46
767.987	144.46
768.01	130.46
768.034	109.46
768.057	133.46
768.081	122.46
768.104	110.46
768.127	145.46
768.151	145.46
768.174	134.46
768.197	144.46
768.221	123.46
768.244	162.46
768.268	147.46
768.291	133.46
768.314	153.46
768.338	144.46
768.361	168.46
768.384	143.46
768.408	131.46
768.431	132.46
768.454	160.46
768.478	149.46
768.501	132.46
768.524	173.46
768.548	139.46
768.571	127.46
768.594	117.46
768.618	118.46
768.641	136.46
768.664	152.46
768.688	146.46
768.711	137.46
768.734	118.46
768.758	124.46
768.781	132.46
768.804	163.46
768.827	127.46
768.851	142.46
768.874	172.46
768.897	146.46
768.921	137.46
768.944	117.46
768.967	155.46
768.99	139.46
769.014	130.46
769.037	136.46
769.06	144.46
769.083	171.46
769.107	142.46
769.13	140.46
769.153	157.46
769.176	152.46
769.2	174.46
769.223	146.46
769.246	129.46
769.269	150.46
769.293	155.46
769.316	135.46
769.339	156.46
769.362	136.46
769.386	121.46
769.409	157.46
769.432	155.46
769.455	160.46
769.478	135.46
769.502	141.46
769.525	108.46
769.548	134.46
769.571	114.46
769.594	144.46
769.618	137.46
769.641	156.46
769.664	119.46
769.687	174.46
769.71	117.46
769.733	150.46
769.757	148.46
769.78	141.46
769.803	153.46
769.826	141.46
769.849	161.46
769.872	158.46
769.896	165.46
769.919	161.46
769.942	145.46
769.965	167.46
769.988	161.46
770.011	159.46
770.034	131.46
770.058	140.46
770.081	119.46
770.104	163.46
770.127	134.46
770.15	141.46
770.173	164.46
770.196	162.46
770.219	139.46
770.242	158.46
770.266	136.46
770.289	152.46
770.312	157.46
770.335	160.46
770.358	157.46
770.381	132.46
770.404	138.46
770.427	141.46
770.45	163.46
770.473	138.46
770.496	134.46
770.519	165.46
770.543	157.46
770.566	176.46
770.589	132.46
770.612	147.46
770.635	146.46
770.658	128.46
770.681	155.46
770.704	157.46
770.727	171.46
770.75	151.46
770.773	129.46
770.796	151.46
770.819	131.46
770.842	162.46
770.865	156.46
770.888	144.46
770.911	124.46
770.934	132.46
770.957	142.46
770.98	124.46
771.003	130.46
771.026	121.46
771.049	120.46
771.072	151.46
771.095	162.46
771.118	152.46
771.141	133.46
771.164	129.46
771.187	120.46
771.21	130.46
771.233	172.46
771.256	149.46
771.279	144.46
771.302	115.46
771.325	129.46
771.348	125.46
771.371	139.46
771.394	126.46
771.417	136.46
771.44	130.46
771.463	112.46
771.485	152.46
771.508	150.46
771.531	140.46
771.554	115.46
771.577	119.46
771.6	113.46
771.623	126.46
771.646	138.46
771.669	149.46
771.692	132.46
771.715	119.46
771.738	114.46
771.761	160.46
771.783	122.46
771.806	149.46
771.829	133.46
771.852	153.46
771.875	144.46
771.898	149.46
771.921	135.46
771.944	131.46
771.966	127.46
771.989	120.46
772.012	135.46
772.035	144.46
772.058	125.46
772.081	123.46
772.104	158.46
772.126	151.46
772.149	158.46
772.172	153.46
772.195	171.46
772.218	147.46
772.241	138.46
772.264	121.46
772.286	147.46
772.309	135.46
772.332	138.46
772.355	152.46
772.378	155.46
772.4	128.46
772.423	153.46
772.446	163.46
772.469	149.46
772.492	149.46
772.514	175.46
772.537	145.46
772.56	145.46
772.583	130.46
772.606	155.46
772.628	169.46
772.651	145.46
772.674	129.46
772.697	128.46
772.72	163.46
772.742	116.46
772.765	118.46
772.788	140.46
772.811	120.46
772.833	141.46
772.856	140.46
772.879	145.46
772.902	129.46
772.924	131.46
772.947	163.46
772.97	151.46
772.992	128.46
773.015	133.46
773.038	159.46
773.061	168.46
773.083	148.46
773.106	158.46
773.129	134.46
773.152	131.46
773.174	136.46
773.197	136.46
773.22	154.46
773.242	168.46
773.265	159.46
773.288	138.46
773.31	147.46
773.333	164.46
773.356	177.46
773.378	144.46
773.401	151.46
773.424	149.46
773.446	157.46
773.469	152.46
773.492	141.46
773.514	163.46
773.537	183.46
773.56	168.46
773.582	165.46
773.605	137.46
773.628	151.46
773.65	208.46
773.673	183.46
773.696	168.46
773.718	197.46
773.741	167.46
773.764	151.46
773.786	174.46
773.809	190.46
773.831	149.46
773.854	161.46
773.877	183.46
773.899	193.46
773.922	179.46
773.944	190.46
773.967	197.46
773.99	196.46
774.012	185.46
774.035	187.46
774.057	150.46
774.08	153.46
774.103	208.46
774.125	178.46
774.148	189.46
774.17	153.46
774.193	188.46
774.215	176.46
774.238	171.46
774.261	167.46
774.283	165.46
774.306	172.46
774.328	156.46
774.351	175.46
774.373	180.46
774.396	185.46
774.418	179.46
774.441	193.46
774.463	201.46
774.486	174.46
774.509	176.46
774.531	194.46
774.554	174.46
774.576	194.46
774.599	177.46
774.621	188.46
774.644	190.46
774.666	190.46
774.689	190.46
774.711	161.46
774.734	182.46
774.756	180.46
774.779	205.46
774.801	215.46
774.824	198.46
774.846	168.46
774.868	184.46
774.891	179.46
774.913	182.46
774.936	178.46
774.958	181.46
774.981	185.46
775.003	166.46
775.026	183.46
775.048	178.46
775.071	211.46
775.093	175.46
775.115	180.46
775.138	166.46
775.16	214.46
775.183	191.46
775.205	191.46
775.228	199.46
775.25	195.46
775.272	180.46
775.295	177.46
775.317	180.46
775.34	147.46
775.362	176.46
775.385	191.46
775.407	183.46
775.429	182.46
775.452	196.46
775.474	207.46
775.496	165.46
775.519	172.46
775.541	190.46
775.564	170.46
775.586	185.46
775.608	164.46
775.631	188.46
775.653	204.46
775.675	182.46
775.698	176.46
775.72	188.46
775.743	173.46
775.765	178.46
775.787	202.46
775.81	174.46
775.832	186.46
775.854	183.46
775.877	151.46
775.899	178.46
775.921	198.46
775.944	164.46
775.966	188.46
775.988	151.46
776.011	177.46
776.033	197.46
776.055	166.46
776.077	171.46
776.1	171.46
776.122	161.46
776.144	180.46
776.167	174.46
776.189	146.46
776.211	166.46
776.234	181.46
776.256	175.46
776.278	166.46
776.3	180.46
776.323	211.46
776.345	188.46
776.367	157.46
776.389	167.46
776.412	169.46
776.434	185.46
776.456	181.46
776.478	173.46
776.501	181.46
776.523	162.46
776.545	183.46
776.567	172.46
776.59	183.46
776.612	173.46
776.634	154.46
776.656	167.46
776.679	171.46
776.701	157.46
776.723	176.46
776.745	163.46
776.767	159.46
776.79	189.46
776.812	175.46
776.834	148.46
776.856	157.46
776.878	169.46
776.901	181.46
776.923	166.46
776.945	169.46
776.967	180.46
776.989	181.46
777.012	171.46
777.034	169.46
777.056	154.46
777.078	160.46
777.1	159.46
777.122	167.46
777.145	171.46
777.167	150.46
777.189	158.46
777.211	133.46
777.233	144.46
777.255	139.46
777.277	152.46
777.3	130.46
777.322	130.46
777.344	126.46
777.366	135.46
777.388	138.46
777.41	152.46
777.432	145.46
777.454	130.46
777.477	121.46
777.499	116.46
777.521	139.46
777.543	130.46
777.565	145.46
777.587	134.46
777.609	150.46
777.631	125.46
777.653	135.46
777.675	103.46
777.697	145.46
777.72	136.46
777.742	130.46
777.764	116.46
777.786	113.46
777.808	105.46
777.83	107.46
777.852	120.46
777.874	119.46
777.896	125.46
777.918	128.46
777.94	132.46
777.962	107.46
777.984	102.46
778.006	99.46
778.028	132.46
778.05	127.46
778.072	117.46
778.094	65.46
778.116	106.46
778.138	93.46
778.16	104.46
778.182	101.46
778.204	97.46
778.226	108.46
778.248	94.46
778.27	110.46
778.292	99.46
778.314	95.46
778.336	85.46
778.358	109.46
778.38	56.46
778.402	60.46
778.424	90.46
778.446	81.46
778.468	116.46
778.49	83.46
778.512	75.46
778.534	106.46
778.556	89.46
778.578	58.46
778.6	64.46
778.622	71.46
778.644	63.46
778.666	71.46
778.688	79.46
778.71	77.46
778.732	65.46
778.754	46.46
778.775	51.46
778.797	66.46
778.819	63.46
778.841	73.46
778.863	53.46
778.885	59.46
778.907	38.46
778.929	45.46
778.951	38.46
778.973	46.46
778.995	47.46
779.016	46.46
779.038	41.46
779.06	36.46
779.082	53.46
779.104	42.46
779.126	24.46
779.148	37.46
779.17	52.46
779.191	43.46
779.213	39.46
779.235	22.46
779.257	52.46
779.279	33.46
779.301	29.46
779.323	21.46
779.344	29.46
779.366	17.46
779.388	48.46
779.41	22.46
